# Trouble in Terrorist Town weapon/ammo placement overrides
# For map: ttt_roof_party
# Exported by: Seb
setting:	replacespawns 0
weapon_jm_secondary_heavy	122.299042 -145.364929 896.970520	1.905 -20.599 -85.960
weapon_jm_secondary_heavy	268.891449 -152.434357 416.020447	2.268 -18.039 -85.124
weapon_jm_secondary_heavy	-29.586744 -235.312027 405.696320	2.278 -18.781 -85.277
weapon_jm_secondary_heavy	-20.299950 981.996887 421.333313	3.515 164.248 86.250
weapon_jm_secondary_heavy	-1039.449097 1276.649414 421.373810	1.871 -20.628 -86.020
weapon_jm_secondary_heavy	449.401306 1328.296265 590.320801	1.846 -20.629 -86.063
weapon_jm_secondary_heavy	-529.586426 1812.419067 384.837860	2.217 -18.398 -83.963
weapon_jm_secondary_heavy	57.392017 1453.739868 384.970520	1.906 -18.795 -85.959
weapon_jm_secondary_heavy	1165.806519 1082.269043 149.181122	2.090 -19.597 -84.749
weapon_jm_grenade_jump	109.616539 -183.212738 1024.174438	-2.026 -1.423 -1.108
weapon_jm_grenade_jump	147.168381 1279.359497 672.139038	-1.940 -1.274 -1.977
item_jm_ammo_light	299.892090 -139.595810 415.534180	0.468 -0.020 0.003
item_jm_ammo_light	231.854767 -147.450897 415.402954	0.496 -0.073 -0.018
item_jm_ammo_light	-7.445261 -244.504379 405.814178	0.462 0.709 8.866
item_jm_ammo_light	-43.968750 -245.244141 405.843140	0.055 0.494 10.939
item_jm_ammo_light	303.072662 485.694214 423.387878	0.493 0.061 0.133
item_jm_ammo_light	-65.100784 470.070007 434.407898	0.792 0.105 -0.020
item_jm_ammo_light	-808.603149 773.904175 384.358765	0.455 0.059 0.045
item_jm_ammo_light	-804.943909 1838.929199 442.347565	0.448 0.059 0.044
item_jm_ammo_light	760.448975 621.136597 192.381363	0.460 0.055 0.036
item_jm_ammo_light	497.501923 1320.578735 387.365295	0.457 0.058 0.042
item_jm_ammo_light	-458.335938 1811.025757 384.344421	0.453 0.061 0.051
item_jm_ammo_light	-490.688080 1813.205200 384.434723	0.864 16.411 0.200
item_jm_ammo_light	-522.525757 1792.018677 384.400848	0.268 25.283 -0.467
item_jm_ammo_light	360.787323 229.263260 417.339142	0.464 0.067 0.048
item_jm_ammo_light	1051.812500 1491.352905 384.351837	0.454 0.060 0.047
item_jm_ammo_light	938.301270 682.995483 192.340530	0.452 0.063 0.052
item_jm_ammo_heavy	106.959694 -149.455597 896.429443	-0.313 0.214 -0.051
item_jm_ammo_heavy	121.414566 -152.302505 896.493042	-0.048 -0.297 0.038
item_jm_ammo_heavy	265.969391 -137.099640 415.557831	-0.215 0.025 -0.213
item_jm_ammo_heavy	-27.235678 -240.408249 405.218536	0.120 -0.115 0.092
item_jm_ammo_heavy	-7.854179 990.210938 420.467957	-0.191 -6.341 -2.757
item_jm_ammo_heavy	-1029.352539 1286.942261 420.813660	0.704 0.002 0.648
item_jm_ammo_heavy	-777.180725 776.756348 384.398560	-0.923 -0.009 0.818
item_jm_ammo_heavy	422.596527 1346.591187 589.735229	-0.722 -0.005 0.656
item_jm_ammo_heavy	449.188660 1344.574951 589.720825	0.765 -0.112 -0.542
item_jm_ammo_heavy	731.239380 630.541992 192.403824	-0.857 -0.010 0.762
item_jm_ammo_heavy	-509.838989 1814.139526 384.413483	-0.782 -0.006 0.693
item_jm_ammo_heavy	57.915661 1445.728882 384.412903	-0.983 0.003 0.775
item_jm_ammo_heavy	49.461349 1503.041992 384.419128	-0.737 -0.006 0.654
item_jm_ammo_heavy	1167.664063 1078.953125 149.491959	0.024 -0.150 11.505
weapon_jm_primary_smg	-167.176285 -71.253143 384.968475	0.723 6.415 -85.710
weapon_jm_primary_smg	355.159546 762.293945 427.231964	0.543 -0.172 -86.078
weapon_jm_primary_smg	1087.215088 1507.579834 385.092560	0.343 6.561 -87.318
weapon_jm_primary_smg	955.995056 654.034241 193.096344	0.208 6.191 -87.152
weapon_jm_grenade_tag	137.641754 -158.925537 896.139282	-0.906 -1.607 -1.383
weapon_jm_grenade_tag	95.483757 -145.630936 896.143311	-0.866 -1.650 -1.322
weapon_jm_grenade_tag	357.276398 755.604797 426.546509	-0.014 -1.357 -0.010
weapon_jm_grenade_tag	-72.269302 466.045807 435.534973	17.794 -0.888 -90.032
weapon_jm_grenade_tag	-790.557922 804.333496 384.160492	-2.540 -1.297 -1.389
weapon_jm_grenade_tag	491.287842 1293.933716 387.155151	-1.595 -1.415 -1.625
weapon_jm_grenade_tag	920.760925 661.649597 192.165680	-2.081 -1.342 -1.498
weapon_jm_grenade_tag	14.290401 977.086304 422.605103	23.354 -160.357 92.741
weapon_jm_primary_lmg	147.227463 -236.472366 381.808441	18.634 -0.122 2.992
weapon_jm_primary_lmg	-97.976715 824.552856 416.733093	19.055 -3.204 2.234
weapon_jm_primary_lmg	-724.789185 1836.450073 444.748077	-0.733 -15.344 88.636
weapon_jm_primary_rifle	-1030.848145 1251.242432 421.280762	0.153 13.136 -87.398
weapon_jm_primary_rifle	-764.494507 1829.231567 442.927734	0.129 7.485 -88.607
weapon_jm_primary_rifle	502.650757 1332.713135 387.872711	0.158 8.599 -87.336
weapon_jm_primary_rifle	-360.737732 1502.521729 547.696106	0.177 11.252 -87.186
weapon_jm_secondary_light	231.717072 -134.528091 416.015320	-1.909 -34.088 -91.678
weapon_jm_secondary_light	-12.210509 -235.018814 405.618500	-0.030 40.215 89.321
weapon_jm_secondary_light	-59.869926 467.820129 434.973663	-2.093 -32.521 -91.265
weapon_jm_secondary_light	-796.668701 770.933044 384.177795	36.609 0.391 0.051
weapon_jm_secondary_light	487.177124 1310.298706 387.172241	36.560 0.416 0.085
weapon_jm_secondary_light	-448.646637 1809.138306 384.177795	36.609 0.391 0.051
weapon_jm_secondary_light	-507.402802 1772.666504 384.900543	-1.495 -39.241 -90.263
weapon_jm_secondary_light	911.372070 650.726318 192.185135	36.719 0.365 0.039
weapon_jm_secondary_auto	297.604370 -147.852783 416.172150	-0.177 24.806 90.314
weapon_jm_secondary_auto	-46.500431 -235.021652 405.832367	-0.513 24.817 91.169
weapon_jm_secondary_auto	314.686279 487.559052 424.009705	-0.113 25.946 90.150
weapon_jm_secondary_auto	-818.636108 1837.219238 443.104889	-0.644 25.657 91.165
weapon_jm_secondary_auto	752.089966 633.283691 193.107544	-0.488 25.455 90.927
weapon_jm_secondary_auto	-480.146179 1813.491455 385.063934	0.797 3.010 90.233
weapon_jm_secondary_auto	358.485596 216.518494 418.110565	-0.859 25.104 91.363
weapon_jm_secondary_auto	1052.165039 1513.364380 385.111908	-0.771 25.828 91.471
weapon_jm_primary_sniper	110.331558 -157.646912 895.124329	3.353 -0.138 64.807
weapon_jm_primary_sniper	-788.853027 795.768738 383.130493	3.589 13.240 65.051
weapon_jm_primary_sniper	415.396912 1340.911621 588.499084	3.556 12.656 65.257
weapon_jm_primary_shotgun	740.073853 606.552429 193.467728	-0.500 -9.546 -89.124
weapon_jm_primary_shotgun	50.438171 1478.841309 385.488800	-0.428 -9.745 -89.571
item_jm_ammo_medium	-167.839081 -83.350250 384.381836	-0.102 -0.020 -0.031
item_jm_ammo_medium	358.919678 788.082825 426.813385	-0.004 -82.450 0.003
item_jm_ammo_medium	-1032.466309 1239.561646 420.827667	-0.444 0.007 -0.266
item_jm_ammo_medium	-769.812134 1843.620361 445.209930	-89.796 -90.440 23.973
item_jm_ammo_medium	495.530151 1354.301880 387.374542	-0.108 -0.019 -0.033
item_jm_ammo_medium	-362.748474 1490.991333 547.240112	-0.336 0.020 -0.282
item_jm_ammo_medium	1088.645142 1490.201660 384.347626	0.132 0.019 -0.040
item_jm_ammo_medium	934.236816 637.355896 192.328201	-0.149 -0.018 -0.045
weapon_jm_grenade_frag	291.174225 486.163544 425.049347	-37.726 -46.714 -90.596
weapon_jm_grenade_frag	-1033.615967 1221.581299 422.508514	-35.990 -55.740 -90.252
weapon_jm_grenade_frag	742.055054 642.740723 194.083908	13.064 -31.910 -89.653
weapon_jm_grenade_frag	-380.766205 1485.477295 548.959473	-36.155 -56.341 -90.632
weapon_jm_grenade_frag	1103.292358 1495.323242 386.137817	-36.390 -49.609 -90.996
ent_jm_carepackage_spawn	111.186966 -54.081272 898.499878	0.000 -1.215 0.000
ent_jm_carepackage_spawn	-710.978455 1471.233398 552.385010	-0.010 0.016 -0.016
ent_jm_carepackage_spawn	541.428772 1464.805298 554.422791	0.015 -0.000 0.014
ent_jm_carepackage_spawn	838.663635 617.997192 320.384216	-0.008 -0.008 0.009
ent_jm_carepackage_spawn	146.793320 744.024475 552.376099	0.002 0.000 0.001
ent_jm_carepackage_spawn	-796.090149 840.964294 384.372345	0.001 0.000 0.000
ent_jm_carepackage_spawn	511.354675 1596.449219 128.384659	-0.010 0.016 -0.016
ent_jm_carepackage_spawn	1094.397095 1144.526489 384.390167	0.003 0.000 0.002
ent_jm_carepackage_spawn	320.092926 224.422195 417.392181	-0.007 -0.007 0.012
ent_jm_carepackage_spawn	-101.385826 -239.827637 384.364288	0.001 0.000 0.000
ent_jm_carepackage_spawn	-55.958832 578.063721 386.367859	-0.004 -0.010 0.007
ent_jm_carepackage_spawn	297.382751 593.794861 386.397858	0.004 0.000 0.002
ent_jm_carepackage_spawn	111.016609 1050.351196 128.436569	0.040 -0.000 0.039
ent_jm_carepackage_spawn	-660.738953 1494.039795 384.368408	0.001 0.000 0.000
ent_jm_carepackage_spawn	902.945862 1350.947266 644.764160	-0.020 0.432 -0.143
ent_jm_carepackage_spawn	272.724945 -267.255157 384.440247	-0.174 5.651 0.032
ent_jm_carepackage_spawn	118.223763 -65.759224 512.405334	0.006 0.000 0.004
ent_jm_carepackage_spawn	3.068591 250.131729 368.518646	0.079 -0.798 -0.204
