# Trouble in Terrorist Town weapon/ammo placement overrides
# For map: ttt_divide
# Exported by: Josh Mate
setting:	replacespawns 0
weapon_jm_secondary_heavy	-989.020996 -856.080261 37.121078	2.218 -18.429 -83.984
weapon_jm_secondary_heavy	-982.737610 -807.186523 37.159584	2.233 -18.491 -84.379
weapon_jm_secondary_heavy	-913.307190 980.509277 37.121086	2.218 -18.429 -83.984
weapon_jm_secondary_heavy	-865.752808 978.995728 37.123051	2.219 -18.436 -84.004
weapon_jm_grenade_jump	728.604187 -621.347290 172.452942	-2.120 -1.402 -1.159
weapon_jm_grenade_jump	-728.027588 -594.868530 172.455490	-2.026 -1.422 -1.108
weapon_jm_grenade_jump	-393.391144 15.426904 8.139300	-0.906 -1.607 -1.383
weapon_jm_grenade_jump	379.761902 -10.938185 8.144595	-0.853 -1.651 -1.302
item_jm_ammo_light	994.660889 -817.275574 36.623985	0.441 0.057 0.047
item_jm_ammo_light	997.375000 -852.574463 36.635040	0.444 0.055 0.043
item_jm_ammo_light	908.391418 1004.298645 36.645130	0.447 0.054 0.039
item_jm_ammo_light	869.697021 996.899170 36.715130	0.467 0.049 0.013
item_jm_ammo_heavy	737.813110 -624.498901 172.664948	-0.594 -0.003 0.555
item_jm_ammo_heavy	-742.238281 -598.705200 172.631195	0.810 0.003 -0.652
item_jm_ammo_heavy	-1002.254639 -849.155151 36.712654	-0.675 -0.004 0.559
item_jm_ammo_heavy	-1000.203369 -808.902222 36.660545	0.050 0.003 0.033
item_jm_ammo_heavy	-916.697510 1002.218933 36.630672	-0.681 -0.003 -0.546
item_jm_ammo_heavy	-862.869080 997.679565 36.707920	0.849 0.008 0.707
item_jm_ammo_heavy	-104.897308 981.027283 172.718582	0.741 0.007 0.617
item_jm_ammo_heavy	147.149811 984.949585 172.685806	1.075 -0.001 0.895
item_jm_ammo_heavy	-174.245026 -421.720276 36.733524	0.466 2.575 0.389
weapon_jm_primary_smg	-514.008423 -613.334534 45.374706	0.311 6.176 -87.279
weapon_jm_primary_smg	496.894257 -614.998047 45.375450	0.284 6.176 -87.246
weapon_jm_primary_smg	-349.399292 -971.447632 37.377907	0.252 6.269 -87.265
weapon_jm_primary_smg	-824.630676 8.695500 7.487245	-7.361 1.035 -2.353
weapon_jm_primary_smg	816.017822 -0.402482 7.495104	-7.452 1.173 -2.042
weapon_jm_grenade_tag	521.997620 -610.074829 44.453182	-2.120 -1.402 -1.159
weapon_jm_grenade_tag	-502.027771 -617.510132 44.471870	-1.135 -1.217 -1.001
weapon_jm_grenade_tag	994.647095 -834.852783 36.451416	-2.185 -1.389 -1.195
weapon_jm_grenade_tag	891.871033 989.523438 36.445782	-2.391 -1.323 -1.308
weapon_jm_grenade_tag	136.064316 981.638123 172.449356	-2.252 -1.362 -1.231
weapon_jm_grenade_tag	-110.022911 974.719421 173.761780	19.042 40.274 -89.299
weapon_jm_grenade_tag	-346.578217 -957.316467 38.520382	-37.131 -98.073 89.479
weapon_jm_grenade_tag	345.685089 -959.118591 36.449577	-2.252 -1.362 -1.231
weapon_jm_grenade_tag	-162.871170 -425.491455 38.326603	-25.229 -129.478 87.431
weapon_jm_primary_lmg	-393.552032 -4.599365 5.750822	12.168 0.417 2.702
weapon_jm_primary_lmg	391.787964 7.264142 5.750822	12.168 0.417 2.702
weapon_jm_primary_rifle	823.949829 866.096924 301.126831	0.195 11.252 -87.039
weapon_jm_primary_rifle	-849.444580 865.992432 301.114227	-0.009 13.306 -87.463
weapon_jm_primary_rifle	350.918671 -950.760254 37.157703	0.153 11.253 -87.378
weapon_jm_primary_rifle	-1.867934 -584.107361 8.875661	0.123 11.823 -87.431
weapon_jm_secondary_auto	979.046631 -815.250732 37.393272	-0.761 25.609 91.483
weapon_jm_secondary_auto	981.382080 -850.041931 37.390652	-0.604 25.636 91.158
weapon_jm_secondary_auto	872.586914 981.149536 37.392300	-0.703 25.625 91.363
weapon_jm_secondary_auto	905.828491 983.266479 37.394344	-0.826 25.595 91.616
weapon_jm_primary_sniper	734.374207 -604.899780 171.456741	3.484 13.204 65.313
weapon_jm_primary_sniper	-737.691772 -606.505676 171.431549	3.542 13.220 65.167
weapon_jm_primary_shotgun	-139.295532 980.804504 173.747787	-0.500 -9.616 -89.116
weapon_jm_primary_shotgun	105.698425 979.205688 173.722488	-0.492 -9.616 -88.913
weapon_jm_primary_shotgun	-143.499344 -422.731110 37.806759	-0.530 -9.903 -89.594
item_jm_ammo_medium	852.057434 859.023865 300.631073	-0.127 -0.020 -0.032
item_jm_ammo_medium	-816.953247 862.721924 300.688080	-0.078 -0.021 -0.020
item_jm_ammo_medium	-487.639252 -611.005310 44.654095	-0.108 -0.020 -0.027
item_jm_ammo_medium	532.144104 -611.433960 44.622059	-0.135 -0.019 -0.034
item_jm_ammo_medium	-351.804077 -944.453430 36.742821	-0.021 1.744 0.005
item_jm_ammo_medium	355.065308 -971.161499 36.646221	-0.114 -0.020 -0.029
item_jm_ammo_medium	-848.564270 8.322007 8.378260	-0.105 -0.020 -0.032
item_jm_ammo_medium	851.401123 -1.059989 8.378260	-0.105 -0.020 -0.032
item_jm_ammo_medium	10.904425 -596.177612 8.402688	-0.084 -0.020 -0.025
weapon_jm_grenade_frag	-831.095703 869.134888 302.393585	-36.005 -56.483 -90.401
weapon_jm_grenade_frag	837.731812 869.455688 302.447479	-36.828 -55.653 -91.685
weapon_jm_grenade_frag	-992.026978 -827.406921 38.405945	-36.190 -56.300 -90.686
weapon_jm_grenade_frag	-887.341125 995.711365 38.425541	-36.489 -55.998 -91.151
weapon_jm_grenade_frag	2.921425 -587.340576 10.064463	13.545 36.245 88.712
ent_jm_carepackage_spawn	-4.816966 -361.203003 0.363847	0.002 0.000 -0.001
ent_jm_carepackage_spawn	6.178423 386.699280 0.336793	0.002 0.000 -0.001
ent_jm_carepackage_spawn	782.033997 587.541809 264.359833	0.002 0.000 -0.000
ent_jm_carepackage_spawn	-775.100281 591.609863 264.357697	0.002 0.000 -0.001
ent_jm_carepackage_spawn	1.545976 850.494446 136.361938	0.002 0.000 -0.000
ent_jm_carepackage_spawn	-965.141235 866.876282 0.400930	0.005 0.000 0.003
ent_jm_carepackage_spawn	956.655151 804.365845 0.350931	0.002 0.000 -0.001
ent_jm_carepackage_spawn	416.551758 841.271362 0.350929	0.002 0.000 -0.001
ent_jm_carepackage_spawn	-395.674835 856.603455 0.381165	0.003 0.000 0.000
ent_jm_carepackage_spawn	-811.582703 -23.801321 8.334504	0.002 0.000 -0.001
ent_jm_carepackage_spawn	-362.332977 -21.964748 8.334506	0.002 0.000 -0.001
ent_jm_carepackage_spawn	402.374054 36.946426 8.366047	0.002 0.000 -0.000
ent_jm_carepackage_spawn	824.653687 29.379679 8.393246	0.003 0.000 0.002
ent_jm_carepackage_spawn	830.662048 -567.880371 264.399536	0.004 0.000 0.003
ent_jm_carepackage_spawn	-817.896667 -570.894409 264.336975	0.002 0.000 -0.001
ent_jm_carepackage_spawn	-377.005005 578.491089 264.381287	0.002 0.000 0.001
ent_jm_carepackage_spawn	387.032867 567.735962 264.373901	0.002 0.000 0.000
ent_jm_carepackage_spawn	-634.937805 -587.832275 136.381531	0.002 0.000 0.001
ent_jm_carepackage_spawn	-662.947388 -606.602722 264.361938	0.002 0.000 -0.000
ent_jm_carepackage_spawn	-313.669800 -613.709473 136.366486	-0.019 0.010 -0.011
ent_jm_carepackage_spawn	298.509064 -626.084656 136.362198	0.001 0.000 0.000
ent_jm_carepackage_spawn	654.296509 -590.383484 136.344498	0.001 0.000 -0.000
ent_jm_carepackage_spawn	656.766418 -576.425659 264.406891	0.006 0.000 0.005
ent_jm_carepackage_spawn	650.509521 -629.380920 8.425189	0.017 -0.000 0.017
ent_jm_carepackage_spawn	-634.596069 -582.820313 8.374137	0.002 0.000 0.000
ent_jm_carepackage_spawn	-950.976868 -951.943298 129.859879	-0.002 0.000 0.003
ent_jm_carepackage_spawn	-4.170236 -945.126099 129.836166	0.025 -0.007 -0.021
ent_jm_carepackage_spawn	928.404358 -954.115112 129.840103	-0.002 0.000 0.003
ent_jm_carepackage_spawn	522.788208 -398.931061 0.397875	0.004 0.000 0.002
ent_jm_carepackage_spawn	-561.582947 -368.382141 0.341649	0.002 0.000 -0.001
ent_jm_carepackage_spawn	-0.992280 -657.818176 384.348907	-0.189 -0.000 -0.005
