# Trouble in Terrorist Town weapon/ammo placement overrides
# For map: ttt_the_thing
# Exported by: Josh Mate
setting:	replacespawns 0
weapon_jm_secondary_heavy	-865.089783 1262.164551 37.106453	2.212 -18.358 -83.834
weapon_jm_secondary_heavy	-879.101807 1261.470093 37.174961	2.238 -18.492 -84.536
weapon_jm_secondary_heavy	866.720459 1365.561646 37.136028	2.224 -18.471 -84.137
weapon_jm_secondary_heavy	885.203735 1370.207886 37.160995	2.233 -18.491 -84.393
weapon_jm_secondary_heavy	-474.136475 805.089050 37.144497	2.227 -18.490 -84.224
weapon_jm_secondary_heavy	-474.580505 820.098022 37.121094	2.218 -18.429 -83.984
weapon_jm_secondary_heavy	246.092224 1665.832886 0.970214	1.673 -22.135 -86.365
weapon_jm_grenade_jump	-479.468079 857.298706 36.456566	-1.996 -1.430 -1.091
weapon_jm_grenade_jump	-477.337738 875.368286 36.446774	-2.356 -1.358 -1.288
weapon_jm_grenade_jump	-1628.233032 1626.278931 36.443798	-2.464 -1.325 -1.348
weapon_jm_grenade_jump	-1632.172119 1648.962036 36.466225	-1.642 -1.464 -0.898
weapon_jm_grenade_jump	-1630.530151 1668.721436 36.455730	-2.026 -1.423 -1.108
weapon_jm_grenade_jump	-1623.239990 1690.758423 36.447720	-2.320 -1.370 -1.269
weapon_jm_grenade_jump	285.395844 1701.661133 0.235615	-2.842 4.991 -2.569
weapon_jm_grenade_jump	291.288513 1696.037231 1.094055	-30.547 0.678 -31.809
weapon_jm_grenade_jump	271.461792 -1741.853394 8.174483	-2.026 -1.422 -1.108
weapon_jm_grenade_jump	278.077454 -1741.843384 8.162550	-2.464 -1.325 -1.348
weapon_jm_grenade_jump	203.615326 -1952.095337 16.148363	-0.816 -1.671 -1.245
item_jm_ammo_light	2153.791504 1463.551025 36.651371	0.449 0.052 0.037
item_jm_ammo_light	2154.138184 1436.790894 36.609745	0.437 0.064 0.052
item_jm_ammo_light	2146.456055 1450.275757 36.593925	0.433 0.068 0.058
item_jm_ammo_light	2134.292236 1464.790649 36.649845	0.449 0.052 0.037
item_jm_ammo_light	2133.872070 1435.887085 36.603172	0.435 0.064 0.054
item_jm_ammo_light	1390.598022 2341.149170 36.627792	0.442 0.057 0.045
item_jm_ammo_light	1406.628418 2342.174805 36.607605	0.437 0.064 0.053
item_jm_ammo_light	-929.965210 2346.038818 36.620083	0.440 0.060 0.048
item_jm_ammo_light	-913.427734 2341.633057 36.636799	0.445 0.055 0.042
item_jm_ammo_light	-866.677917 1626.362305 36.674171	1.012 0.586 -0.030
item_jm_ammo_light	-879.991272 1623.056030 36.598629	0.434 0.068 0.056
item_jm_ammo_light	1378.310059 1396.348389 36.622047	0.441 0.060 0.048
item_jm_ammo_light	1391.585449 1395.471680 36.662785	0.452 0.052 0.033
item_jm_ammo_light	288.215088 -1859.536255 144.390610	0.635 -0.224 0.198
item_jm_ammo_light	284.226837 -1869.706787 144.415497	0.719 -0.321 -0.940
item_jm_ammo_heavy	2154.850830 1204.857300 36.679157	-1.049 -0.008 0.873
item_jm_ammo_heavy	2153.873291 1179.826294 36.715069	-0.655 -0.004 0.543
item_jm_ammo_heavy	2138.463379 1176.559448 36.726547	0.566 -0.005 0.434
item_jm_ammo_heavy	2132.702881 1205.324829 36.714371	-0.665 -0.005 0.519
item_jm_ammo_heavy	2144.614502 1190.267212 36.662262	0.211 -0.001 0.236
item_jm_ammo_heavy	2150.899658 1718.147949 36.651402	0.768 -0.110 -0.546
item_jm_ammo_heavy	2150.282471 1697.060425 36.695072	-0.822 -0.009 0.681
item_jm_ammo_heavy	2128.735352 1718.432251 36.649372	0.779 0.008 -0.553
item_jm_ammo_heavy	2136.873535 1707.291626 36.729065	-0.540 -0.005 0.447
item_jm_ammo_heavy	2130.566406 1693.259277 36.619133	-0.437 0.001 -0.366
item_jm_ammo_heavy	-862.685425 1244.643188 36.618652	-0.368 -0.004 -0.290
item_jm_ammo_heavy	-875.963501 1248.345337 36.740013	0.531 0.005 0.442
item_jm_ammo_heavy	866.167725 1384.805908 36.699787	0.929 0.008 0.774
item_jm_ammo_heavy	880.064697 1386.242554 36.633778	-0.794 -0.003 -0.638
item_jm_ammo_heavy	-488.691162 806.044006 36.690609	1.022 0.109 0.791
item_jm_ammo_heavy	-490.361725 824.462036 36.717422	-0.637 -0.005 0.527
item_jm_ammo_heavy	273.712372 -1874.127197 144.452560	-0.305 -3.937 0.186
item_jm_ammo_heavy	262.644958 -1875.335327 144.402344	-0.869 -0.012 0.771
weapon_jm_primary_smg	2137.597656 1640.875977 37.374271	0.326 6.192 -87.297
weapon_jm_primary_smg	2141.190430 1623.769409 37.375656	0.277 6.176 -87.236
weapon_jm_primary_smg	321.390533 1678.717529 1.106453	0.264 6.688 -87.667
weapon_jm_grenade_tag	1432.540649 2332.413818 36.442791	-2.502 -1.323 -1.368
weapon_jm_grenade_tag	1446.504883 2332.080566 36.453190	-2.120 -1.402 -1.159
weapon_jm_grenade_tag	-887.268982 2335.550049 36.434074	-2.822 -1.186 -1.544
weapon_jm_grenade_tag	-875.518921 2334.393066 36.464169	-1.718 -1.464 -0.939
weapon_jm_grenade_tag	-909.430664 1631.887817 36.461998	-1.797 -1.448 -0.982
weapon_jm_grenade_tag	-927.716797 1633.963867 36.436344	-2.739 -1.229 -1.498
weapon_jm_grenade_tag	1420.351685 1387.452515 36.456558	-1.996 -1.430 -1.091
weapon_jm_grenade_tag	1443.799072 1380.577026 36.443798	-2.465 -1.325 -1.347
weapon_jm_grenade_tag	309.686829 1705.636841 0.207905	-0.521 -25.636 -0.633
weapon_jm_grenade_tag	314.666382 1699.940186 2.070954	-62.828 69.353 -90.314
weapon_jm_grenade_tag	301.489014 -1744.492798 10.126213	24.395 -126.729 90.893
weapon_jm_grenade_tag	308.337067 -1743.996948 9.993998	25.397 -125.422 89.791
weapon_jm_grenade_tag	200.009842 -1968.763550 16.156517	-0.735 -1.696 -1.120
weapon_jm_primary_lmg	2138.207031 1505.624023 34.089687	18.634 -0.254 2.992
weapon_jm_primary_lmg	2139.199951 1487.264893 34.089687	18.634 -0.363 2.992
weapon_jm_primary_lmg	159.644348 1688.566284 -2.207256	18.594 0.300 2.966
weapon_jm_primary_lmg	303.186890 -1752.657715 5.808448	18.634 -0.365 2.992
weapon_jm_primary_rifle	2143.861084 1354.734741 37.148232	0.166 11.252 -87.273
weapon_jm_primary_rifle	2141.385498 1329.815308 37.144356	0.171 12.506 -87.230
weapon_jm_primary_rifle	217.392349 1689.916138 0.869616	0.163 9.655 -87.311
weapon_jm_secondary_light	1389.379517 2332.355225 37.175972	-0.563 34.062 89.863
weapon_jm_secondary_light	1404.047607 2332.257568 37.176136	-0.589 34.061 89.890
weapon_jm_secondary_light	-935.293335 2333.085449 37.176426	-0.635 34.059 89.938
weapon_jm_secondary_light	-917.775452 2330.931152 37.177078	-0.738 34.054 90.045
weapon_jm_secondary_light	238.415955 1657.038208 0.153041	36.328 0.029 0.338
weapon_jm_secondary_auto	-869.211487 1638.530762 37.392578	-0.719 25.619 91.396
weapon_jm_secondary_auto	-883.418396 1643.023193 37.391094	-0.630 25.633 91.212
weapon_jm_secondary_auto	1376.011597 1381.015259 37.390549	-0.598 25.636 91.144
weapon_jm_secondary_auto	1392.802856 1381.161133 37.392445	-0.711 25.624 91.379
weapon_jm_secondary_auto	234.714813 1682.217651 1.107754	-0.634 28.506 90.996
weapon_jm_secondary_auto	280.619720 -1845.903076 145.110077	-0.644 25.631 91.240
weapon_jm_primary_sniper	2140.551514 1253.826294 35.409477	3.625 11.476 65.358
weapon_jm_primary_sniper	2139.135498 1233.785278 35.382095	3.687 11.687 65.188
weapon_jm_primary_sniper	201.316788 1676.006958 -0.847499	3.332 15.461 65.025
weapon_jm_primary_sniper	259.790588 -1852.728149 143.092682	3.676 13.276 64.833
weapon_jm_primary_shotgun	2142.781982 1754.599976 37.705669	-0.487 -9.620 -88.776
weapon_jm_primary_shotgun	2142.935791 1736.265503 37.752789	-0.502 -9.611 -89.154
weapon_jm_primary_shotgun	276.245117 1674.039429 1.489886	-0.443 -10.184 -89.995
item_jm_ammo_medium	2152.775391 1310.937988 36.668407	-0.095 -0.020 -0.024
item_jm_ammo_medium	2143.919434 1292.119751 36.636192	0.006 0.029 0.016
item_jm_ammo_medium	2136.687256 1309.345825 36.609657	-0.146 -0.019 -0.036
item_jm_ammo_medium	2126.936523 1293.776733 36.661457	-0.101 -0.020 -0.025
item_jm_ammo_medium	2163.308350 1287.181763 36.659653	-0.103 -0.020 -0.026
item_jm_ammo_medium	2153.110840 1602.726929 36.712418	0.003 0.030 0.007
item_jm_ammo_medium	2145.726318 1580.320068 36.619644	-0.137 -0.019 -0.034
item_jm_ammo_medium	2137.571533 1604.888306 36.666710	-0.097 -0.020 -0.024
item_jm_ammo_medium	2131.721191 1580.960938 36.622047	-0.135 -0.019 -0.034
item_jm_ammo_medium	2125.276855 1603.058594 36.661457	-0.101 -0.020 -0.025
weapon_jm_grenade_frag	-909.854553 1261.598389 38.372246	-35.675 -56.795 -89.899
weapon_jm_grenade_frag	-925.666565 1260.970703 38.419342	-36.394 -56.098 -91.003
weapon_jm_grenade_frag	900.532654 1371.682495 38.403610	-36.154 -56.334 -90.630
weapon_jm_grenade_frag	921.367371 1375.067261 38.393837	-36.004 -56.483 -90.401
weapon_jm_grenade_frag	-1634.033081 1261.414429 38.372032	-35.671 -56.797 -89.894
weapon_jm_grenade_frag	-1635.403320 1284.078369 38.388367	-35.921 -56.564 -90.273
weapon_jm_grenade_frag	-1636.503540 1306.719238 38.377399	-35.753 -56.720 -90.018
weapon_jm_grenade_frag	-1631.471802 1325.900513 38.429558	-36.550 -55.940 -91.247
weapon_jm_grenade_frag	266.416473 1704.672241 2.128616	-36.249 -55.100 -90.778
weapon_jm_grenade_frag	275.274872 1710.118408 2.127124	13.466 -35.774 -90.258
weapon_jm_grenade_frag	331.754028 -1741.046509 9.486613	31.736 -34.006 -66.834
weapon_jm_grenade_frag	334.900757 -1745.604614 10.081325	13.414 -31.471 -89.530
weapon_jm_grenade_frag	200.696396 -1933.730347 17.846828	35.723 -29.771 -77.082
ent_jm_carepackage_spawn	271.478424 -1787.484375 144.409943	0.007 0.000 0.006
ent_jm_carepackage_spawn	339.891876 -1910.556641 8.381620	0.002 0.000 0.001
ent_jm_carepackage_spawn	980.602722 -1974.769531 0.400985	0.005 0.000 0.001
ent_jm_carepackage_spawn	-432.811920 -1970.176392 0.334428	0.004 0.000 -0.003
ent_jm_carepackage_spawn	115.280884 -1194.549194 0.429590	-0.028 -0.107 0.072
ent_jm_carepackage_spawn	-268.839081 -826.695984 0.371919	0.004 0.000 -0.002
ent_jm_carepackage_spawn	369.719116 -1023.293213 0.416482	-0.003 -0.000 0.009
ent_jm_carepackage_spawn	646.302246 -1064.361328 0.339353	0.004 0.000 -0.003
ent_jm_carepackage_spawn	951.972778 -1012.538818 0.381243	0.004 0.000 -0.001
ent_jm_carepackage_spawn	962.724548 -102.474625 0.336909	0.004 0.000 -0.003
ent_jm_carepackage_spawn	253.057312 -273.981018 0.379434	0.004 0.000 -0.001
ent_jm_carepackage_spawn	-243.542862 -138.617416 0.361870	0.003 0.000 -0.002
ent_jm_carepackage_spawn	-457.265686 -100.591080 0.375733	0.004 0.000 -0.002
ent_jm_carepackage_spawn	685.471191 -84.528885 5.522553	0.025 -2.945 -19.934
ent_jm_carepackage_spawn	688.621216 -423.665955 0.383026	0.004 0.000 -0.001
ent_jm_carepackage_spawn	373.357269 -826.471008 0.406494	-0.024 -0.118 0.138
ent_jm_carepackage_spawn	129.604141 -898.952393 0.472556	-0.004 -0.006 0.004
ent_jm_carepackage_spawn	-40.769829 -1530.111084 0.331909	0.004 0.000 -0.003
ent_jm_carepackage_spawn	623.217834 -1464.010132 0.334428	0.004 0.000 -0.003
ent_jm_carepackage_spawn	256.358032 -31.977991 0.385149	0.002 0.000 0.001
ent_jm_carepackage_spawn	260.018250 470.208466 0.386875	0.002 0.000 0.002
ent_jm_carepackage_spawn	-391.865662 808.107727 0.351500	0.001 0.000 -0.000
ent_jm_carepackage_spawn	936.612915 886.793762 0.443995	0.068 -0.000 0.067
ent_jm_carepackage_spawn	1401.644531 1314.834839 136.338257	-0.009 -0.008 0.011
ent_jm_carepackage_spawn	2034.505127 1456.439331 0.349241	0.001 0.000 -0.000
ent_jm_carepackage_spawn	1401.708252 2226.665527 0.390251	0.003 0.000 0.002
ent_jm_carepackage_spawn	360.343781 2410.744141 0.355919	0.001 0.000 0.000
ent_jm_carepackage_spawn	128.469162 2398.533447 0.376126	0.002 0.000 0.001
ent_jm_carepackage_spawn	-848.536072 2214.022461 0.381618	0.002 0.000 0.001
ent_jm_carepackage_spawn	-665.744507 1697.280151 136.470016	-0.142 -0.714 -0.047
ent_jm_carepackage_spawn	-1340.096802 1459.514160 0.383398	0.002 0.000 0.001
