# Trouble in Terrorist Town weapon/ammo placement overrides
# For map: ttt_defender
# Exported by: Josh
setting:	replacespawns 0
weapon_jm_secondary_heavy	-223.488968 60.636692 37.119965	2.215 -18.394 -83.976
weapon_jm_secondary_heavy	-221.271713 50.158455 37.112915	2.215 -18.398 -83.900
weapon_jm_secondary_heavy	-227.342224 -52.440445 37.106441	2.212 -18.358 -83.834
weapon_jm_secondary_heavy	-224.681000 -61.299789 37.153831	2.230 -18.491 -84.320
weapon_jm_secondary_heavy	-478.997253 -204.812241 -154.867783	2.222 -18.469 -84.100
weapon_jm_grenade_tag	-219.072845 42.090046 36.455734	-2.026 -1.422 -1.108
weapon_jm_grenade_tag	-215.808731 -36.773048 36.443802	-2.464 -1.325 -1.348
weapon_jm_grenade_jump	-479.618988 -222.961655 -155.539734	-1.852 -1.448 -1.012
weapon_jm_grenade_jump	-542.016235 -224.830658 -155.547058	-2.120 -1.402 -1.159
weapon_jm_primary_smg	-732.413025 22.129631 173.374664	0.304 6.174 -87.270
weapon_jm_primary_smg	-685.377197 20.919308 173.374542	0.308 6.177 -87.275
weapon_jm_grenade_glue	-883.239380 231.291992 -150.254105	-0.042 0.000 -0.024
weapon_jm_grenade_glue	-925.607910 235.312851 -150.274261	-0.048 0.000 -0.028
weapon_jm_primary_lmg	-513.460938 -214.516418 -157.910553	18.634 -0.371 2.992
weapon_jm_primary_rifle	-836.770569 28.585470 173.141464	0.175 11.252 -87.201
weapon_jm_primary_rifle	-803.193298 24.023993 173.134399	0.185 11.211 -87.123
weapon_jm_primary_rifle	-865.167725 217.471390 -154.873184	0.195 11.252 -87.039
weapon_jm_primary_rifle	-826.755493 218.892822 -154.848312	0.161 11.252 -87.314
weapon_jm_secondary_light	-224.755768 31.575565 37.176933	-0.716 34.054 90.022
weapon_jm_secondary_light	-224.851135 20.918203 37.176540	-0.654 34.057 89.958
weapon_jm_secondary_light	-226.984009 -18.901630 37.176796	-0.695 34.055 90.000
weapon_jm_secondary_light	-227.619598 -26.311510 37.134121	-0.690 37.366 89.762
weapon_jm_secondary_light	-545.318970 -202.594635 -154.824051	-0.598 34.060 89.899
weapon_jm_secondary_auto	-226.402817 97.533875 37.394691	-0.845 25.594 91.657
weapon_jm_secondary_auto	-225.383301 87.784485 37.388287	-0.463 25.641 90.866
weapon_jm_secondary_auto	-228.572983 -79.974510 37.390141	-0.573 25.637 91.094
weapon_jm_secondary_auto	-224.305618 -92.910797 37.395439	-0.887 25.577 91.743
weapon_jm_secondary_auto	-470.795807 -213.585739 -154.607117	-0.752 25.617 91.465
weapon_jm_primary_sniper	-112.003242 87.033714 172.552078	0.955 13.093 71.607
weapon_jm_primary_sniper	-145.525116 82.111458 175.609970	-5.614 10.597 88.587
weapon_jm_primary_shotgun	-984.144348 218.877747 -154.221848	-0.509 -9.605 -89.360
weapon_jm_primary_shotgun	-943.522339 223.036026 -154.229965	-0.430 -10.252 -89.568
weapon_jm_grenade_frag	-753.386108 208.876511 2.118096	-36.089 -49.883 -90.530
weapon_jm_grenade_frag	-99.446190 67.349174 174.391022	-35.965 -56.518 -90.340
weapon_jm_grenade_frag	-139.875076 69.171425 174.567551	10.841 -41.703 -93.473
weapon_jm_grenade_health	-811.946960 41.665222 172.695526	-0.062 -0.000 -0.030
weapon_jm_grenade_health	-706.217896 44.393055 172.698441	-0.060 -0.000 -0.030
weapon_jm_grenade_health	-554.050842 -211.795334 -155.292068	-0.048 -0.000 -0.042
ent_jm_carepackage_spawn	-921.056030 121.493858 -191.583450	0.010 -0.000 0.009
ent_jm_carepackage_spawn	-730.779236 129.166107 -191.618484	0.002 0.000 0.001
ent_jm_carepackage_spawn	-375.137421 144.712738 -191.623978	0.002 0.000 0.001
ent_jm_carepackage_spawn	-338.946899 -167.197525 -191.657883	0.001 0.000 -0.000
ent_jm_carepackage_spawn	-61.102322 2.992690 -191.576004	0.016 -0.000 0.015
ent_jm_carepackage_spawn	-509.893982 -137.953354 -191.614944	0.002 0.000 0.001
ent_jm_carepackage_spawn	-916.275818 -127.259308 -127.614944	0.002 0.000 0.001
ent_jm_carepackage_spawn	-440.959717 -168.654099 0.371979	0.002 0.000 0.000
ent_jm_carepackage_spawn	-415.587128 27.725649 0.351102	0.001 0.000 -0.001
ent_jm_carepackage_spawn	-491.834778 172.130325 0.383084	0.002 0.000 0.001
ent_jm_carepackage_spawn	-780.212708 -0.390593 0.383301	0.002 0.000 0.001
ent_jm_carepackage_spawn	-961.078003 162.137177 0.344488	0.001 0.000 -0.000
ent_jm_carepackage_spawn	-851.218323 162.829346 0.415248	0.009 -0.000 0.009
ent_jm_carepackage_spawn	-100.531235 -115.303673 0.341830	0.001 0.000 -0.001
ent_jm_carepackage_spawn	-104.148270 135.751389 0.373900	0.002 0.000 0.000
ent_jm_carepackage_spawn	-962.354553 172.499908 136.351105	0.001 0.000 -0.001
ent_jm_carepackage_spawn	-913.575928 -65.111679 136.366043	0.002 0.000 -0.000
ent_jm_carepackage_spawn	-683.531067 -90.272209 136.397995	0.004 0.000 0.003
ent_jm_carepackage_spawn	-419.172150 -163.639389 136.397995	0.004 0.000 0.003
ent_jm_carepackage_spawn	-135.618530 -103.473015 136.384842	0.003 0.000 0.001
ent_jm_carepackage_spawn	-127.980988 168.320313 136.339432	0.001 0.000 -0.001
ent_jm_carepackage_spawn	-393.448212 69.439186 136.346542	0.001 0.000 -0.001
ent_jm_carepackage_spawn	-512.837036 -275.913849 0.379350	0.002 0.000 0.000
ent_jm_carepackage_spawn	-1055.638916 0.258449 0.323988	0.002 0.000 -0.001
ent_jm_carepackage_spawn	-97.456001 279.683350 0.397869	0.004 0.000 0.002
ent_jm_carepackage_spawn	22.560923 -159.180435 0.339233	0.002 0.000 -0.001
ent_jm_carepackage_spawn	27.073513 -162.245941 136.351501	0.001 0.000 0.000
ent_jm_carepackage_spawn	-449.559326 286.414581 136.355743	-0.013 0.016 -0.020
ent_jm_carepackage_spawn	-797.814270 -87.019493 136.393234	-0.008 -0.017 0.016
ent_jm_carepackage_spawn	-309.803894 126.427277 0.399532	0.004 0.000 0.003
ent_jm_carepackage_spawn	-237.121338 -211.466171 0.361933	0.002 0.000 -0.000
ent_jm_carepackage_spawn	-508.464935 -53.214325 -191.660278	0.001 0.000 -0.000
ent_jm_carepackage_spawn	-97.651459 137.237366 -191.571304	0.023 -0.000 0.022
ent_jm_carepackage_spawn	-138.270325 -145.460098 -191.622116	0.002 0.000 0.001
ent_jm_carepackage_spawn	-986.089539 -220.838135 0.081745	0.028 0.015 -0.026
ent_jm_carepackage_spawn	-539.309814 81.378494 8.349115	0.001 0.000 -0.000
ent_jm_carepackage_spawn	-472.069366 -11.856444 136.368057	0.002 0.000 -0.000
