# Trouble in Terrorist Town weapon/ammo placement overrides
# For map: ttt_toilet
# Exported by: Josh
setting:	replacespawns 0
weapon_jm_secondary_heavy	-533.558167 1247.526855 37.168900	2.236 -18.491 -84.474
weapon_jm_secondary_heavy	-517.189148 1248.047852 37.139492	2.225 -18.487 -84.173
weapon_jm_grenade_tag	-20.339779 1009.521179 0.172075	-1.873 -1.400 -1.348
weapon_jm_grenade_tag	-1009.053040 865.138916 16.028038	-25.250 109.980 58.982
weapon_jm_grenade_tag	-408.128235 442.758789 79.733391	-2.082 -0.916 0.011
weapon_jm_grenade_glue	-522.341980 -416.020752 41.725983	-0.048 0.000 -0.028
weapon_jm_grenade_glue	-613.039368 465.357758 5.436686	-0.056 0.000 -0.033
weapon_jm_secondary_light	-374.808716 508.309998 32.164402	36.791 0.403 0.069
weapon_jm_secondary_light	-373.038483 517.191650 32.170246	36.712 0.398 0.061
weapon_jm_secondary_light	-378.073029 635.942749 32.172264	36.684 0.396 0.058
weapon_jm_secondary_light	-377.689911 643.448242 32.171600	36.693 0.397 0.059
weapon_jm_secondary_light	-376.516724 761.478333 32.184563	36.517 0.386 0.042
weapon_jm_secondary_light	-378.230347 771.537842 32.181602	36.557 0.388 0.046
weapon_jm_secondary_light	-666.760193 773.544434 32.181602	36.557 0.388 0.046
weapon_jm_secondary_light	-665.085693 764.961243 32.196224	36.359 0.377 0.026
weapon_jm_secondary_light	-666.627136 641.180603 32.166676	36.760 0.400 0.066
weapon_jm_secondary_light	-665.563293 633.811035 32.177216	36.617 0.392 0.052
weapon_jm_secondary_light	-665.058044 517.099915 32.169556	36.721 0.398 0.062
weapon_jm_secondary_light	-664.479553 510.874664 32.181084	36.565 0.389 0.046
weapon_jm_secondary_light	-360.203125 31.993696 32.245827	-1.006 33.841 90.321
weapon_jm_secondary_light	-742.691284 -149.576874 32.187744	-0.831 39.413 89.641
weapon_jm_secondary_auto	-513.520508 -415.156311 37.391926	-0.680 25.626 91.315
weapon_jm_secondary_auto	-494.964905 -415.620636 37.391926	-0.680 25.626 91.315
weapon_jm_grenade_frag	-497.002930 1249.270996 38.412823	-36.295 -56.196 -90.848
weapon_jm_grenade_health	-680.661682 43.370159 31.743284	-0.078 0.000 -0.031
weapon_jm_grenade_health	-284.500458 -170.123917 31.701801	-0.106 0.000 -0.040
ent_jm_carepackage_spawn	-735.315369 -59.780582 0.362386	0.001 0.000 0.001
ent_jm_carepackage_spawn	-311.135345 -59.105694 0.374717	-0.013 -0.017 0.016
ent_jm_carepackage_spawn	-511.692719 188.735413 0.416675	0.010 -0.000 0.010
ent_jm_carepackage_spawn	-510.265594 330.745056 0.381694	0.001 0.000 0.002
ent_jm_carepackage_spawn	-80.412010 223.272644 0.399866	0.004 0.000 0.004
ent_jm_carepackage_spawn	-261.575867 215.437363 0.446304	0.083 -0.000 0.083
ent_jm_carepackage_spawn	-232.132874 451.691254 0.433325	0.031 -0.000 0.031
ent_jm_carepackage_spawn	-227.259476 825.194092 0.426487	0.019 -0.000 0.019
ent_jm_carepackage_spawn	-225.550247 646.330566 0.342349	0.000 0.000 0.000
ent_jm_carepackage_spawn	-309.333405 944.969543 0.416683	0.010 -0.000 0.010
ent_jm_carepackage_spawn	-78.998543 893.302124 0.449635	0.108 -0.000 0.108
ent_jm_carepackage_spawn	-75.306046 764.643494 0.391971	0.002 0.000 0.003
ent_jm_carepackage_spawn	-80.499992 639.563477 0.349332	0.000 0.000 0.001
ent_jm_carepackage_spawn	-77.619629 513.891357 0.347039	0.000 0.000 0.000
ent_jm_carepackage_spawn	-79.184860 379.625458 0.386946	0.002 0.000 0.002
ent_jm_carepackage_spawn	-601.422180 253.683609 0.404339	0.005 0.000 0.005
ent_jm_carepackage_spawn	-427.479340 252.674667 0.356006	0.000 0.000 0.001
ent_jm_carepackage_spawn	-440.757355 -47.772480 0.416683	0.010 -0.000 0.010
ent_jm_carepackage_spawn	-591.371887 -65.125687 0.351590	0.000 0.000 0.001
ent_jm_carepackage_spawn	-508.312744 60.588573 0.378060	0.001 0.000 0.001
ent_jm_carepackage_spawn	-525.797791 -189.304199 0.362386	0.001 0.000 0.001
ent_jm_carepackage_spawn	-504.901093 -334.766022 0.382927	0.002 0.000 0.001
ent_jm_carepackage_spawn	-758.657593 -341.752991 0.329196	0.001 0.000 -0.001
ent_jm_carepackage_spawn	-254.733124 -345.809082 0.377492	0.002 0.000 0.000
ent_jm_carepackage_spawn	68.185783 -346.545258 0.343991	0.001 0.000 -0.001
ent_jm_carepackage_spawn	146.372589 -135.207397 0.388126	0.003 0.000 0.001
ent_jm_carepackage_spawn	124.027725 117.333794 0.447037	0.088 -0.000 0.087
ent_jm_carepackage_spawn	118.217743 460.118866 0.391465	0.003 0.000 0.002
ent_jm_carepackage_spawn	-176.352707 1242.324219 0.343991	0.001 0.000 -0.001
ent_jm_carepackage_spawn	-56.289982 1147.194458 0.346329	0.001 0.000 -0.001
ent_jm_carepackage_spawn	-517.316895 1192.657837 0.359643	0.002 0.000 -0.000
ent_jm_carepackage_spawn	-512.009521 1119.256592 -112.187691	0.123 -0.001 -0.117
ent_jm_carepackage_spawn	-511.522980 1054.905029 -112.198616	0.062 -0.002 -0.031
ent_jm_carepackage_spawn	-511.097748 924.835022 0.367874	0.002 0.000 -0.000
ent_jm_carepackage_spawn	-516.387085 722.217773 0.374121	-0.006 0.017 0.012
ent_jm_carepackage_spawn	-511.783325 583.079407 0.403888	0.005 0.000 0.004
ent_jm_carepackage_spawn	-642.484680 1107.981323 0.367874	0.002 0.000 -0.000
ent_jm_carepackage_spawn	-854.514160 1222.594849 0.388126	0.003 0.000 0.001
ent_jm_carepackage_spawn	-974.833801 1154.288696 0.379331	0.002 0.000 0.001
ent_jm_carepackage_spawn	-946.967896 925.176819 0.381694	0.001 0.000 0.002
ent_jm_carepackage_spawn	-771.656250 958.936584 0.395197	0.003 0.000 0.003
ent_jm_carepackage_spawn	-771.885559 800.240784 0.396778	0.003 0.000 0.003
ent_jm_carepackage_spawn	-794.454956 593.591919 0.376201	0.001 0.000 0.001
ent_jm_carepackage_spawn	-789.829712 372.167542 0.324772	0.000 0.000 0.000
ent_jm_carepackage_spawn	-937.781250 232.510925 0.362386	0.001 0.000 0.001
ent_jm_carepackage_spawn	-734.881592 220.111557 0.450703	0.115 -0.000 0.115
ent_jm_carepackage_spawn	-952.197144 370.741913 0.349332	0.000 0.000 0.001
ent_jm_carepackage_spawn	-969.236206 512.859985 0.353816	0.000 0.000 0.001
ent_jm_carepackage_spawn	-950.618896 631.254089 0.396778	0.003 0.000 0.003
ent_jm_carepackage_spawn	-957.415161 759.707153 0.396781	0.003 0.000 0.003
ent_jm_carepackage_spawn	-73.526299 -66.983406 1.360967	0.007 -0.020 0.005
ent_jm_carepackage_spawn	-962.210266 -65.076302 1.360460	-0.014 -0.018 0.018
ent_jm_carepackage_spawn	-1104.035400 512.751160 0.365862	0.002 0.000 -0.000
ent_jm_carepackage_spawn	-1173.304077 317.910522 0.361747	0.002 0.000 -0.000
ent_jm_carepackage_spawn	-1123.642334 134.712845 0.361746	0.002 0.000 -0.000
ent_jm_carepackage_spawn	-1153.988647 -72.496490 0.365861	0.002 0.000 -0.000
ent_jm_carepackage_spawn	-1137.508911 -317.684235 0.396293	0.004 0.000 0.002
ent_jm_carepackage_spawn	-960.885559 -349.011353 0.353136	0.001 0.000 -0.001
ent_jm_carepackage_spawn	-555.154541 440.559326 0.337515	0.000 0.000 0.000
ent_jm_carepackage_spawn	-464.287170 442.907166 0.386946	0.002 0.000 0.002
