# Trouble in Terrorist Town weapon/ammo placement overrides
# For map: ttt_houseparty
# Exported by: Josh Mate
setting:	replacespawns 0
weapon_jm_secondary_heavy	294.943298 491.008392 37.147697	2.228 -18.488 -84.257
weapon_jm_secondary_heavy	295.593933 539.970581 37.097355	2.208 -18.320 -83.741
weapon_jm_secondary_heavy	359.395874 544.594421 293.108398	2.213 -18.357 -83.856
weapon_jm_secondary_heavy	413.482941 543.775879 293.142609	2.226 -18.490 -84.207
weapon_jm_secondary_heavy	229.339584 536.232178 133.134201	2.223 -18.473 -84.119
weapon_jm_grenade_tag	295.086365 516.210449 36.454044	-2.088 -1.401 -1.142
weapon_jm_grenade_tag	479.828583 -435.502930 292.449341	-2.252 -1.362 -1.231
weapon_jm_grenade_tag	-229.108673 487.199799 132.448608	-2.286 -1.367 -1.250
weapon_jm_grenade_tag	229.061218 490.122711 132.454849	-2.057 -1.402 -1.125
weapon_jm_grenade_jump	-101.165810 89.895767 -147.548828	-2.185 -1.389 -1.195
weapon_jm_grenade_glue	474.883820 -431.578674 41.747990	-0.041 0.000 -0.023
weapon_jm_grenade_glue	387.580780 540.439636 297.712097	-0.053 0.000 -0.030
weapon_jm_secondary_light	-481.538086 -460.703918 37.176014	-0.571 34.062 89.872
weapon_jm_secondary_light	-482.616913 -409.654633 37.175556	-0.498 34.065 89.797
weapon_jm_secondary_light	-480.721008 -408.044647 293.176697	-0.716 34.054 90.022
weapon_jm_secondary_light	-480.086426 -466.599396 293.176178	-0.635 34.059 89.938
weapon_jm_secondary_light	103.580116 -439.055939 37.176479	-0.645 34.057 89.948
weapon_jm_secondary_light	102.956337 -481.324615 37.177284	-0.773 34.052 90.081
weapon_jm_secondary_light	-100.955246 -490.247314 37.177067	-0.738 34.054 90.045
weapon_jm_secondary_light	-100.437271 -443.263367 37.176239	-0.607 34.060 89.909
weapon_jm_secondary_light	95.667831 -436.108063 293.176544	-0.695 34.055 90.000
weapon_jm_secondary_light	101.347496 -485.084930 293.176056	-0.616 34.060 89.918
weapon_jm_secondary_light	-97.160233 -440.604218 293.176178	-0.635 34.059 89.938
weapon_jm_secondary_light	-103.525642 -492.146515 293.174927	-0.435 34.067 89.731
weapon_jm_secondary_auto	478.390594 -406.313293 37.391685	-0.665 25.630 91.284
weapon_jm_secondary_auto	478.762543 -454.966888 37.392853	-0.736 25.618 91.430
weapon_jm_secondary_auto	-303.079132 488.723328 37.392174	-0.695 25.625 91.346
weapon_jm_secondary_auto	-294.386963 540.300537 37.393124	-0.752 25.617 91.465
weapon_jm_secondary_auto	-412.310669 548.229126 293.391205	-0.651 25.630 91.255
weapon_jm_secondary_auto	-361.006012 546.800964 293.392456	-0.727 25.619 91.412
weapon_jm_secondary_auto	476.525116 -405.066467 293.391937	-0.695 25.625 91.346
weapon_jm_secondary_auto	480.356201 -457.295532 293.391571	-0.673 25.629 91.299
weapon_jm_secondary_auto	-234.070847 537.743530 133.394302	-0.826 25.595 91.616
weapon_jm_primary_sniper	-132.634247 104.173790 -148.621597	3.665 13.273 64.860
weapon_jm_grenade_frag	-298.604156 508.931641 38.412792	-36.294 -56.195 -90.847
weapon_jm_grenade_frag	-481.195129 -435.500793 294.408081	-36.226 -56.268 -90.741
weapon_jm_grenade_health	-480.844635 -437.055908 36.679241	-0.028 0.000 0.072
weapon_jm_grenade_health	-388.254150 547.135254 292.670624	-0.081 0.000 -0.031
ent_jm_carepackage_spawn	-329.911987 -475.134399 256.331757	0.001 0.000 -0.001
ent_jm_carepackage_spawn	-427.664337 -318.829193 256.438019	0.008 -0.019 0.110
ent_jm_carepackage_spawn	-240.978378 -330.972443 256.336761	0.001 0.000 -0.001
ent_jm_carepackage_spawn	-387.254730 33.740284 256.432190	0.028 -0.000 0.029
ent_jm_carepackage_spawn	-387.268799 250.430557 256.349335	0.000 0.000 0.001
ent_jm_carepackage_spawn	-390.331177 482.491211 256.364441	0.001 0.000 0.001
ent_jm_carepackage_spawn	381.522339 474.962555 256.355988	0.000 0.000 0.001
ent_jm_carepackage_spawn	303.784760 347.631714 256.386932	0.002 0.000 0.002
ent_jm_carepackage_spawn	458.792419 61.141327 256.355988	0.000 0.000 0.001
ent_jm_carepackage_spawn	430.197418 -233.518906 256.354401	-0.026 0.010 -0.017
ent_jm_carepackage_spawn	214.214783 -471.652710 256.331757	0.001 0.000 -0.001
ent_jm_carepackage_spawn	402.930176 -416.863647 256.381134	0.002 0.000 0.001
ent_jm_carepackage_spawn	-0.961735 -481.021729 256.355347	0.001 0.000 -0.000
ent_jm_carepackage_spawn	-27.716644 -297.639709 256.424927	0.017 -0.000 0.016
ent_jm_carepackage_spawn	7.242995 -179.294846 256.348633	0.001 0.000 -0.001
ent_jm_carepackage_spawn	4.590592 -651.276733 256.377472	0.002 0.000 0.000
ent_jm_carepackage_spawn	61.978867 -765.136597 256.377502	0.002 0.000 0.000
ent_jm_carepackage_spawn	-50.756504 -754.790100 256.365845	0.002 0.000 -0.000
ent_jm_carepackage_spawn	234.597641 227.604340 256.351349	0.001 0.000 0.000
ent_jm_carepackage_spawn	-14.475523 552.631165 256.420593	-0.335 0.001 0.070
ent_jm_carepackage_spawn	-226.605469 263.773468 256.385040	0.002 0.000 0.002
ent_jm_carepackage_spawn	165.770676 504.845612 96.397858	0.004 0.000 0.003
ent_jm_carepackage_spawn	4.863155 511.292694 96.381210	-0.009 -0.015 0.018
ent_jm_carepackage_spawn	-137.284409 498.270477 96.350899	0.001 0.000 -0.000
ent_jm_carepackage_spawn	2.581686 -5.915226 256.403870	0.005 0.000 0.004
ent_jm_carepackage_spawn	138.268173 -12.649304 256.351349	0.001 0.000 0.000
ent_jm_carepackage_spawn	-139.189804 -17.749456 256.374878	0.006 0.021 -0.004
ent_jm_carepackage_spawn	-135.470108 116.718468 0.371955	0.002 0.000 0.000
ent_jm_carepackage_spawn	130.688339 63.682362 0.388255	0.003 0.000 0.002
ent_jm_carepackage_spawn	122.271439 195.618881 0.405026	-0.024 -0.020 0.013
ent_jm_carepackage_spawn	-134.045700 200.108734 0.370007	0.001 0.000 0.000
ent_jm_carepackage_spawn	10.666056 60.468674 0.375768	0.002 0.000 0.001
ent_jm_carepackage_spawn	-4.587550 189.978622 0.344169	0.001 0.000 -0.000
ent_jm_carepackage_spawn	-225.285294 400.828613 0.353308	0.001 0.000 -0.000
ent_jm_carepackage_spawn	230.538254 385.412750 0.357673	0.001 0.000 -0.000
ent_jm_carepackage_spawn	380.536743 484.256958 0.339947	0.000 0.000 0.000
ent_jm_carepackage_spawn	395.878754 261.855927 0.376199	0.001 0.000 0.001
ent_jm_carepackage_spawn	317.393341 -13.487704 0.388643	0.002 0.000 0.002
ent_jm_carepackage_spawn	201.150299 -138.877502 0.423744	0.016 -0.000 0.015
ent_jm_carepackage_spawn	423.382996 -301.965515 0.393835	0.036 0.028 0.130
ent_jm_carepackage_spawn	197.641190 -476.884186 0.353132	0.001 0.000 -0.000
ent_jm_carepackage_spawn	10.975365 -485.038849 0.353307	0.001 0.000 -0.000
ent_jm_carepackage_spawn	-11.457239 -295.193848 0.346508	0.001 0.000 -0.000
ent_jm_carepackage_spawn	-11.765616 -141.784668 0.406888	0.006 0.000 0.005
ent_jm_carepackage_spawn	-437.721466 -293.141296 0.421025	-0.001 -0.000 0.012
ent_jm_carepackage_spawn	-298.722931 -533.884155 0.339201	0.001 0.000 -0.001
ent_jm_carepackage_spawn	-336.299347 -131.212433 0.350899	0.001 0.000 -0.000
ent_jm_carepackage_spawn	-385.830658 61.867897 0.415383	0.009 -0.000 0.009
ent_jm_carepackage_spawn	-477.446960 308.050171 0.362383	0.001 0.000 0.001
ent_jm_carepackage_spawn	-387.988159 489.229736 0.376199	0.001 0.000 0.001
ent_jm_carepackage_spawn	-5.002748 -639.872192 0.388122	0.003 0.000 0.001
ent_jm_carepackage_spawn	52.158825 -764.643738 0.346324	0.001 0.000 -0.001
ent_jm_carepackage_spawn	-41.972057 -749.277588 0.413650	0.009 0.000 0.008
ent_jm_carepackage_spawn	-9.456575 617.997803 96.334274	0.001 0.000 -0.001
ent_jm_carepackage_spawn	-71.682182 781.121216 96.429581	0.024 -0.000 0.023
ent_jm_carepackage_spawn	76.350616 782.646667 96.379333	0.002 0.000 0.001
ent_jm_carepackage_spawn	4.916165 645.200439 -183.650253	-0.011 -0.000 -0.012
ent_jm_carepackage_spawn	128.685944 535.159607 -183.641464	-0.010 -0.000 -0.011
ent_jm_carepackage_spawn	106.896599 397.880280 -183.573944	0.002 -0.000 -0.013
ent_jm_carepackage_spawn	121.733368 212.891144 -183.619827	-0.008 -0.000 -0.010
ent_jm_carepackage_spawn	18.649021 204.155670 -183.650253	-0.011 -0.000 -0.012
ent_jm_carepackage_spawn	-97.817490 172.826797 -183.616257	-0.008 -0.000 -0.010
ent_jm_carepackage_spawn	-108.942635 315.937653 -183.657227	-0.012 -0.000 -0.012
ent_jm_carepackage_spawn	-132.462311 489.392181 -183.648010	-0.011 -0.000 -0.012
ent_jm_carepackage_spawn	-97.916763 602.514832 -183.631180	-0.009 -0.000 -0.011
ent_jm_carepackage_spawn	2.441355 784.904785 -151.623901	0.001 0.000 0.001
ent_jm_carepackage_spawn	1.068218 -866.353088 0.353701	0.000 0.000 0.000
ent_jm_carepackage_spawn	-547.337280 481.703156 0.368383	0.001 0.000 0.001
ent_jm_carepackage_spawn	546.155396 482.460510 0.372302	0.001 0.000 0.001
ent_jm_carepackage_spawn	-1.810147 493.173981 -175.650223	-0.014 -0.018 0.020
