# Trouble in Terrorist Town weapon/ammo placement overrides
# For map: ttt_crypt
# Exported by: Josh
setting:	replacespawns 0
weapon_jm_secondary_heavy	2266.555664 212.833359 32.970585	1.971 -18.759 -85.846
weapon_jm_secondary_heavy	2267.850098 190.575684 32.970657	2.034 -18.713 -85.735
weapon_jm_secondary_heavy	2268.862793 172.211075 32.970695	2.070 -18.698 -85.673
weapon_jm_secondary_heavy	-296.788361 -1176.057861 32.970535	1.927 -18.776 -85.922
weapon_jm_secondary_heavy	-320.422028 -1176.927612 32.970619	2.000 -18.733 -85.794
weapon_jm_secondary_heavy	-340.469482 -1175.212402 32.970570	1.957 -18.760 -85.870
weapon_jm_grenade_tag	320.145508 39.663742 48.168434	-1.313 -1.505 -1.336
weapon_jm_grenade_tag	-317.852844 -675.956970 32.180832	-1.048 -1.541 -1.066
weapon_jm_grenade_tag	667.890991 960.326904 32.159531	-1.502 -1.457 -1.530
weapon_jm_grenade_jump	511.885742 41.234959 48.148117	-1.746 -1.380 -1.779
weapon_jm_primary_smg	829.101135 927.639099 33.094006	0.291 6.553 -87.254
weapon_jm_primary_smg	832.000000 997.202820 33.093231	0.319 6.550 -87.288
weapon_jm_grenade_glue	319.415558 337.775940 53.442940	-0.047 -0.000 0.027
weapon_jm_grenade_glue	1084.895386 359.068481 37.414017	-0.057 0.000 -0.033
weapon_jm_grenade_glue	-447.983521 745.617249 37.419209	-0.055 0.000 -0.032
weapon_jm_primary_lmg	321.172180 193.464035 -2.268777	12.319 0.608 2.608
weapon_jm_primary_rifle	-359.651794 -507.614197 32.859364	-0.027 8.879 -87.448
weapon_jm_primary_rifle	-286.435211 -512.529785 32.895344	0.082 10.398 -87.843
weapon_jm_secondary_light	801.151489 1494.518555 32.172913	36.553 0.415 0.084
weapon_jm_secondary_light	826.106323 1497.404297 32.170925	36.575 0.417 0.088
weapon_jm_secondary_light	851.440979 1495.138306 32.162823	36.662 0.427 0.104
weapon_jm_secondary_light	1106.125732 -471.082520 32.170242	36.582 0.418 0.089
weapon_jm_secondary_light	1086.917114 -473.997681 32.172913	36.553 0.415 0.084
weapon_jm_secondary_light	1065.973999 -471.465881 32.166672	36.620 0.422 0.097
weapon_jm_secondary_auto	1298.688721 -1301.125366 33.112328	-0.798 25.827 91.526
weapon_jm_secondary_auto	1276.017822 -1302.520630 33.107807	-0.519 25.862 90.964
weapon_jm_secondary_auto	1254.843384 -1303.129150 33.107891	-0.524 25.862 90.974
weapon_jm_secondary_auto	-1238.741211 -307.433929 33.111332	-0.736 25.838 91.402
weapon_jm_secondary_auto	-1240.590698 -282.544830 33.108997	-0.592 25.858 91.111
weapon_jm_secondary_auto	-1242.585693 -262.914642 33.110558	-0.688 25.846 91.305
weapon_jm_primary_sniper	1056.351563 199.019821 31.147318	3.218 15.182 64.872
weapon_jm_primary_sniper	1123.560303 191.063873 33.082489	0.490 -4.467 -88.476
weapon_jm_primary_shotgun	-479.423431 571.432861 33.485958	-0.412 -9.749 -89.603
weapon_jm_primary_shotgun	-408.234467 574.954712 33.488365	-0.426 -9.746 -89.576
weapon_jm_grenade_frag	128.691986 342.212189 50.100132	-35.814 -50.135 -90.110
weapon_jm_grenade_frag	126.678879 44.029148 50.127705	-36.235 -49.746 -90.756
weapon_jm_grenade_frag	-326.850006 -345.979828 34.097260	-35.770 -50.171 -90.044
weapon_jm_grenade_frag	993.739441 963.289368 34.166866	-36.834 -49.158 -91.695
weapon_jm_grenade_health	512.164368 347.819427 48.390633	-0.075 0.000 -0.029
weapon_jm_grenade_health	1087.201904 28.650532 32.384979	-0.079 0.000 -0.030
weapon_jm_grenade_health	-446.699707 415.648163 32.370754	-0.087 0.000 -0.033
ent_jm_carepackage_spawn	-1066.504395 -285.951813 0.344014	0.002 0.000 -0.001
ent_jm_carepackage_spawn	-577.577698 575.295654 0.367893	0.002 0.000 -0.000
ent_jm_carepackage_spawn	-329.494995 573.051819 0.388141	0.003 0.000 0.001
ent_jm_carepackage_spawn	811.147156 1327.079102 0.371826	0.002 0.000 -0.000
ent_jm_carepackage_spawn	2105.280029 199.026154 0.359663	0.002 0.000 -0.001
ent_jm_carepackage_spawn	1217.382202 357.664368 0.357528	0.002 0.000 -0.001
ent_jm_carepackage_spawn	959.042847 31.967079 0.377510	0.002 0.000 0.000
ent_jm_carepackage_spawn	1088.432861 -316.255524 0.359879	-0.040 -0.002 0.042
ent_jm_carepackage_spawn	1283.639160 -1142.218506 0.336785	0.002 0.000 -0.001
ent_jm_carepackage_spawn	166.513016 189.228134 0.348655	0.002 0.000 -0.001
ent_jm_carepackage_spawn	514.720825 204.958755 0.446893	0.084 -0.000 0.083
ent_jm_carepackage_spawn	-322.623840 -1001.219971 0.400928	0.005 0.000 0.003
ent_jm_carepackage_spawn	1670.379639 -63.370026 0.399467	0.089 0.033 -0.017
ent_jm_carepackage_spawn	1303.606323 575.387695 0.367893	0.002 0.000 -0.000
ent_jm_carepackage_spawn	1464.255493 950.238953 0.339413	-0.016 0.017 -0.021
ent_jm_carepackage_spawn	196.309326 832.379395 0.365882	0.002 0.000 -0.000
ent_jm_carepackage_spawn	198.138763 1095.239136 0.384702	0.003 0.000 0.001
ent_jm_carepackage_spawn	-275.457336 961.762207 0.367097	0.007 -0.020 0.005
ent_jm_carepackage_spawn	-698.777344 568.553223 0.420083	0.013 -0.000 0.011
ent_jm_carepackage_spawn	-205.142365 574.024048 0.391053	-0.008 0.016 -0.017
ent_jm_carepackage_spawn	-447.189941 -40.353806 0.396306	0.004 0.000 0.002
ent_jm_carepackage_spawn	-860.757935 80.312103 0.339231	0.002 0.000 -0.001
ent_jm_carepackage_spawn	-645.867004 -230.166229 0.388141	0.003 0.000 0.001
ent_jm_carepackage_spawn	-543.395203 -328.783173 0.416274	0.010 0.000 0.008
ent_jm_carepackage_spawn	-626.927795 -558.696289 0.397869	0.004 0.000 0.002
ent_jm_carepackage_spawn	-865.963196 -615.097351 0.363840	0.002 0.000 -0.000
ent_jm_carepackage_spawn	-836.619385 -346.862457 0.363840	0.002 0.000 -0.000
ent_jm_carepackage_spawn	184.605774 -507.887726 0.326623	0.002 0.000 -0.001
ent_jm_carepackage_spawn	667.745483 -511.716644 0.367893	0.002 0.000 -0.000
ent_jm_carepackage_spawn	702.107300 -775.326233 0.344014	0.002 0.000 -0.001
ent_jm_carepackage_spawn	874.934937 -784.219727 0.363840	0.002 0.000 -0.000
ent_jm_carepackage_spawn	976.758606 -927.403442 0.341641	0.002 0.000 -0.001
ent_jm_carepackage_spawn	1183.854858 -739.798279 0.348656	0.002 0.000 -0.001
ent_jm_carepackage_spawn	1492.327515 -869.753601 0.329324	-0.013 -0.014 0.026
ent_jm_carepackage_spawn	1803.647949 -919.237549 0.369875	0.002 0.000 -0.000
ent_jm_carepackage_spawn	1655.555542 -526.986145 0.361767	0.002 0.000 -0.001
ent_jm_carepackage_spawn	1520.141235 -381.955048 0.357528	0.002 0.000 -0.001
ent_jm_carepackage_spawn	1798.062134 -389.245056 0.384702	0.003 0.000 0.001
ent_jm_carepackage_spawn	-193.426407 26.413950 0.341641	0.002 0.000 -0.001
ent_jm_carepackage_spawn	-296.893372 -122.210274 0.371826	0.002 0.000 -0.000
ent_jm_carepackage_spawn	-435.575958 -687.857605 0.361767	0.002 0.000 -0.001
ent_jm_carepackage_spawn	-193.060928 -312.959137 0.389821	0.003 0.000 0.001
