# Trouble in Terrorist Town weapon/ammo placement overrides
# For map: ttt_station
# Exported by: Josh
setting:	replacespawns 0
weapon_jm_secondary_heavy	1134.495972 3487.940674 421.156525	2.232 -18.490 -84.350
weapon_jm_secondary_heavy	913.597412 -156.120361 421.120850	2.218 -18.429 -83.984
weapon_jm_secondary_heavy	1559.028809 991.922363 101.092644	2.206 -18.322 -83.692
weapon_jm_secondary_heavy	1506.681519 1046.656128 101.110847	2.214 -18.387 -83.878
weapon_jm_secondary_heavy	950.960938 3285.921143 101.125053	2.219 -18.440 -84.024
weapon_jm_grenade_tag	1026.507568 -1242.859863 100.438606	-2.657 -1.239 -1.453
weapon_jm_grenade_tag	1024.479980 4578.212891 100.445847	-2.391 -1.322 -1.308
weapon_jm_grenade_tag	1814.456787 24.244396 100.448723	-2.286 -1.367 -1.250
weapon_jm_grenade_tag	228.530243 3296.124023 100.447777	-2.320 -1.370 -1.269
weapon_jm_grenade_tag	926.270691 3286.174072 100.431740	-2.911 -1.212 -1.590
weapon_jm_grenade_tag	1103.753540 31.544552 100.445847	-2.391 -1.323 -1.308
weapon_jm_grenade_jump	1166.077759 3490.325439 420.444550	-2.428 -1.323 -1.327
weapon_jm_grenade_jump	874.670105 -155.957138 420.451172	-2.185 -1.389 -1.195
weapon_jm_grenade_jump	1097.109985 1662.168579 304.173645	-2.057 -1.402 -1.125
weapon_jm_primary_smg	1682.932861 -1208.478760 101.375191	0.296 6.174 -87.260
weapon_jm_primary_smg	253.731094 2336.403809 101.375038	0.301 6.174 -87.266
weapon_jm_primary_smg	267.102386 2269.759277 101.374657	0.315 6.180 -87.283
weapon_jm_primary_smg	1534.445679 1054.137573 101.374657	0.315 6.180 -87.283
weapon_jm_primary_smg	1782.945190 32.024185 101.376282	0.257 6.168 -87.212
weapon_jm_primary_smg	930.866638 3293.359863 101.374832	0.308 6.177 -87.275
weapon_jm_grenade_glue	1683.683594 -1227.223633 105.783768	-0.035 0.000 -0.007
weapon_jm_grenade_glue	373.938660 -1236.830566 105.758583	-0.038 0.000 -0.021
weapon_jm_grenade_glue	1518.440674 987.589539 105.766670	-0.036 0.000 -0.018
weapon_jm_grenade_glue	241.585846 1049.508667 105.728188	-0.048 0.000 -0.027
weapon_jm_primary_lmg	1064.793701 1659.783081 301.808441	18.634 -0.367 2.992
weapon_jm_primary_rifle	411.962433 -1243.267456 101.143105	0.173 11.252 -87.216
weapon_jm_primary_rifle	366.927124 4573.178711 101.190605	0.107 11.254 -87.740
weapon_jm_primary_rifle	1790.949707 3292.592773 101.148293	0.166 11.252 -87.273
weapon_jm_primary_rifle	1788.888672 2340.050293 101.148460	-0.027 12.754 -87.520
weapon_jm_primary_rifle	270.285553 982.947937 101.122269	0.202 11.252 -86.986
weapon_jm_primary_rifle	1132.515869 31.094687 101.169067	0.137 11.253 -87.502
weapon_jm_secondary_light	1053.547852 -1232.731201 101.176598	-0.654 34.057 89.958
weapon_jm_secondary_light	1035.145874 -1234.644897 101.175911	-0.546 34.063 89.846
weapon_jm_secondary_light	1010.428955 -1237.370972 101.176476	-0.635 34.059 89.938
weapon_jm_secondary_light	985.871521 -1237.256226 101.176125	-0.580 34.062 89.881
weapon_jm_secondary_light	989.256897 4572.060547 101.175858	-0.538 34.064 89.837
weapon_jm_secondary_light	1004.324890 4577.299316 101.175713	-0.514 34.064 89.813
weapon_jm_secondary_light	1042.250610 4576.232910 101.174751	-0.363 34.069 89.657
weapon_jm_secondary_light	1062.262573 4578.249023 101.175476	-0.476 34.065 89.774
weapon_jm_secondary_auto	266.223938 1047.389038 101.393478	-0.770 25.609 91.501
weapon_jm_secondary_auto	276.069702 1005.908325 101.395294	-0.876 25.578 91.721
weapon_jm_secondary_auto	898.718628 -158.566910 421.385345	-0.303 25.642 90.536
weapon_jm_secondary_auto	1122.670288 3491.559326 421.392456	-0.727 25.619 91.412
weapon_jm_secondary_auto	1087.114136 37.851597 101.392235	-0.695 25.625 91.346
weapon_jm_primary_sniper	894.226868 3487.921387 419.391754	3.634 13.261 64.937
weapon_jm_primary_sniper	1168.458252 -152.021744 419.401978	3.611 13.250 64.997
weapon_jm_primary_shotgun	1652.696899 4574.270508 101.710197	-0.488 -9.619 -88.812
weapon_jm_primary_shotgun	261.698395 3285.083252 101.726746	-0.494 -9.616 -88.945
weapon_jm_primary_shotgun	1803.772461 2263.447266 101.780739	-0.510 -9.604 -89.378
weapon_jm_primary_shotgun	260.363190 1057.075928 101.689339	-0.450 -9.887 -88.757
weapon_jm_primary_shotgun	1524.239990 993.443970 101.734299	-0.496 -9.614 -89.005
weapon_jm_primary_shotgun	259.309814 35.158791 101.762695	-0.386 -9.889 -89.655
weapon_jm_grenade_frag	235.078430 1000.045288 102.447762	-36.828 -55.652 -91.685
weapon_jm_grenade_frag	1526.466553 1049.575684 102.363457	-35.539 -56.915 -89.696
weapon_jm_grenade_frag	1179.799438 3493.750488 422.405762	-36.191 -56.304 -90.687
weapon_jm_grenade_frag	878.435913 -160.391525 422.360138	-35.493 -56.962 -89.626
weapon_jm_grenade_health	1691.632202 4577.668945 100.691292	-0.066 -0.000 -0.029
weapon_jm_grenade_health	408.971100 4577.372559 100.704300	-0.055 -0.000 -0.033
weapon_jm_grenade_health	1818.475708 3292.804199 100.648712	-0.095 0.000 -0.037
weapon_jm_grenade_health	237.745758 30.037432 100.670929	-0.081 0.000 -0.031
ent_jm_carepackage_spawn	390.327728 4496.227539 64.337296	0.001 0.000 -0.001
ent_jm_carepackage_spawn	1018.648926 4453.511719 64.432076	0.028 -0.000 0.027
ent_jm_carepackage_spawn	1664.108032 4491.964844 64.342133	0.001 0.000 -0.000
ent_jm_carepackage_spawn	1463.285156 3735.616943 64.411247	0.007 0.000 0.006
ent_jm_carepackage_spawn	577.590454 3753.406006 64.379723	0.002 0.000 0.001
ent_jm_carepackage_spawn	1157.950195 3396.593262 384.353638	0.001 0.000 -0.000
ent_jm_carepackage_spawn	889.259460 3386.743164 384.385071	0.002 0.000 0.001
ent_jm_carepackage_spawn	584.637817 3499.765381 64.351387	0.001 0.000 -0.000
ent_jm_carepackage_spawn	1481.320557 3486.754395 64.355812	0.001 0.000 -0.000
ent_jm_carepackage_spawn	1243.149780 3133.174561 64.391907	0.003 0.000 0.002
ent_jm_carepackage_spawn	1932.998901 3122.670410 64.362305	0.001 0.000 0.000
ent_jm_carepackage_spawn	767.750305 3105.340088 64.393532	0.003 0.000 0.002
ent_jm_carepackage_spawn	114.638504 3129.794189 64.383400	0.002 0.000 0.001
ent_jm_carepackage_spawn	1920.656982 2500.030518 64.404274	0.005 0.000 0.004
ent_jm_carepackage_spawn	1053.258301 2578.656006 64.391907	0.003 0.000 0.002
ent_jm_carepackage_spawn	129.670898 2497.104980 64.366402	0.001 0.000 0.000
ent_jm_carepackage_spawn	1019.865540 2031.246826 64.342262	0.001 0.000 -0.000
ent_jm_carepackage_spawn	1937.809082 2186.097168 64.368408	0.001 0.000 0.000
ent_jm_carepackage_spawn	114.197243 2195.727783 64.393532	0.003 0.000 0.002
ent_jm_carepackage_spawn	1080.869263 2019.223267 305.375000	0.011 -0.009 0.008
ent_jm_carepackage_spawn	1080.298340 1310.436646 305.423401	0.006 -0.009 0.005
ent_jm_carepackage_spawn	1900.174927 1169.114014 64.417908	0.011 -0.000 0.010
ent_jm_carepackage_spawn	1041.265747 1302.297852 64.366409	0.001 0.000 0.000
ent_jm_carepackage_spawn	126.921043 1240.344116 64.339859	0.001 0.000 -0.000
ent_jm_carepackage_spawn	142.248108 849.690002 64.351501	0.001 0.000 -0.000
ent_jm_carepackage_spawn	1019.268921 752.536438 64.415321	0.009 -0.000 0.009
ent_jm_carepackage_spawn	1929.113770 865.831299 64.355927	0.001 0.000 -0.000
ent_jm_carepackage_spawn	1083.319824 1016.846008 64.331383	-0.019 0.013 -0.030
ent_jm_carepackage_spawn	1918.910278 184.139313 64.346954	0.001 0.000 -0.000
ent_jm_carepackage_spawn	876.202942 157.211487 64.381622	0.002 0.000 0.001
ent_jm_carepackage_spawn	134.469757 224.547913 64.376129	0.002 0.000 0.001
ent_jm_carepackage_spawn	1586.698364 -1155.661011 64.365898	0.002 0.000 -0.001
ent_jm_carepackage_spawn	1346.114502 -938.930603 64.357544	0.002 0.000 -0.001
ent_jm_carepackage_spawn	1012.881042 -1128.775269 64.443718	0.066 -0.000 0.065
ent_jm_carepackage_spawn	459.900360 -1134.733521 64.373764	0.002 0.000 -0.000
ent_jm_carepackage_spawn	649.489868 -914.634460 64.381172	0.003 0.000 0.000
ent_jm_carepackage_spawn	1026.561401 -864.460266 64.365898	0.002 0.000 -0.001
ent_jm_carepackage_spawn	917.514709 -82.044266 384.348694	0.002 0.000 -0.001
ent_jm_carepackage_spawn	1159.137817 -69.844391 384.406799	0.006 0.000 0.004
ent_jm_carepackage_spawn	2002.075073 25.678108 384.364380	0.001 0.000 0.000
ent_jm_carepackage_spawn	36.838501 24.026707 384.408569	0.006 0.000 0.005
ent_jm_carepackage_spawn	39.498802 3285.988525 384.385162	0.002 0.000 0.001
ent_jm_carepackage_spawn	2009.558838 3302.856445 384.346954	0.001 0.000 -0.000
ent_jm_carepackage_spawn	1765.711914 2296.962891 384.377197	-0.014 0.015 -0.022
ent_jm_carepackage_spawn	382.375122 2315.511475 384.403381	0.017 -0.008 -0.012
ent_jm_carepackage_spawn	484.073761 1052.520874 384.337433	0.001 0.000 -0.000
ent_jm_carepackage_spawn	1753.810181 1060.008301 384.434387	0.034 -0.000 0.033
