# Trouble in Terrorist Town weapon/ammo placement overrides
# For map: ttt_industrial
# Exported by: Josh Mate
setting:	replacespawns 0
weapon_jm_secondary_heavy	290.644989 227.429428 -138.875244	2.219 -18.440 -84.024
weapon_jm_secondary_heavy	240.582581 219.362244 -138.879150	2.218 -18.429 -83.984
weapon_jm_secondary_heavy	346.313446 222.320053 -138.891617	2.213 -18.357 -83.856
weapon_jm_secondary_heavy	397.172089 224.911880 -138.881149	2.217 -18.398 -83.963
weapon_jm_secondary_heavy	-1114.156128 -143.715683 -346.883179	2.216 -18.398 -83.943
weapon_jm_secondary_heavy	5.015485 -538.176025 -502.447235	1.877 -20.613 -86.009
weapon_jm_secondary_heavy	924.249817 -72.148033 -506.885223	2.215 -18.401 -83.922
weapon_jm_secondary_heavy	-486.715118 96.048981 -1018.823975	2.239 -18.493 -84.560
weapon_jm_grenade_tag	685.672974 -57.656345 -175.823074	-1.937 -1.428 -1.059
weapon_jm_grenade_tag	666.937744 -79.325081 -175.829834	-2.185 -1.389 -1.195
weapon_jm_grenade_tag	-474.747498 343.257813 -507.543671	-1.996 -1.430 -1.091
weapon_jm_grenade_tag	-470.791962 -340.251526 -507.556458	-2.464 -1.325 -1.348
weapon_jm_grenade_tag	-973.015442 162.465195 -347.544495	-2.026 -1.422 -1.108
weapon_jm_grenade_tag	-618.176758 -68.678932 -347.556458	-2.464 -1.325 -1.348
weapon_jm_grenade_tag	1518.221069 -239.850159 -235.554459	-2.391 -1.323 -1.308
weapon_jm_grenade_tag	991.349609 -72.063141 -507.555450	-2.428 -1.323 -1.327
weapon_jm_grenade_jump	219.064438 16.260452 -1055.846069	-2.782 -1.170 -1.519
weapon_jm_grenade_jump	374.467926 223.739578 -139.556442	-2.464 -1.325 -1.348
weapon_jm_grenade_jump	299.485687 -1.544047 -543.804932	-1.272 -1.495 -0.695
weapon_jm_grenade_jump	-484.212402 -146.050476 -1019.553467	-2.320 -1.370 -1.269
weapon_jm_grenade_jump	-485.694794 119.498497 -1019.561584	-2.618 -1.234 -1.432
weapon_jm_grenade_jump	65.614075 3.615760 0.155092	-2.739 -1.229 -1.497
weapon_jm_grenade_jump	-997.710266 161.420349 -347.534027	-1.642 -1.464 -0.898
weapon_jm_grenade_jump	-492.544128 -164.472000 236.452942	-2.120 -1.402 -1.159
weapon_jm_primary_smg	-484.406891 131.844162 -1018.626282	0.304 6.174 -87.270
weapon_jm_primary_smg	-615.352966 97.586372 -346.627747	0.431 6.336 -87.472
weapon_jm_primary_smg	-383.372925 135.012833 -346.624390	0.270 6.177 -87.228
weapon_jm_primary_smg	958.990967 -73.772453 -506.625458	0.308 6.177 -87.275
weapon_jm_primary_smg	1565.649048 -240.351013 -370.625366	0.305 6.174 -87.272
weapon_jm_primary_smg	1369.387207 182.471680 -234.624832	0.286 6.175 -87.247
weapon_jm_primary_smg	-1064.823608 -166.729431 -346.625153	0.297 6.174 -87.261
weapon_jm_grenade_glue	-292.100739 -43.593380 105.746185	-0.042 0.000 -0.023
weapon_jm_grenade_glue	675.003113 -67.140656 -170.527542	-0.038 0.000 -0.021
weapon_jm_grenade_glue	-1079.906738 153.374054 -342.235199	-0.036 0.000 -0.018
weapon_jm_grenade_glue	-21.834114 -866.118774 -502.216949	-0.639 0.002 -0.370
weapon_jm_primary_lmg	208.867752 1.728717 -1058.241577	18.507 -0.575 3.430
weapon_jm_primary_lmg	-1139.382446 -156.558777 -349.920654	18.607 -4.479 2.775
weapon_jm_primary_rifle	346.982971 -493.009613 101.149544	0.164 11.252 -87.287
weapon_jm_primary_rifle	343.061768 494.278442 101.184647	-0.037 11.361 -87.869
weapon_jm_primary_rifle	-487.017914 180.573990 237.134415	0.185 11.252 -87.123
weapon_jm_primary_rifle	-489.165588 -185.154007 237.208557	-0.074 18.674 -88.610
weapon_jm_primary_rifle	-44.337986 668.978027 -506.864136	0.183 11.252 -87.139
weapon_jm_primary_rifle	-42.298420 -873.319092 -506.841400	0.151 11.253 -87.390
weapon_jm_primary_rifle	1826.848022 -78.298851 -506.855865	0.171 11.252 -87.231
weapon_jm_primary_rifle	-1010.863281 -163.280594 -346.857178	0.173 11.252 -87.216
weapon_jm_secondary_light	376.490692 491.570313 101.176987	-0.716 34.054 90.022
weapon_jm_secondary_light	310.763489 -490.700989 101.175659	-0.506 34.065 89.805
weapon_jm_secondary_light	376.506592 -486.445648 101.176071	-0.571 34.062 89.872
weapon_jm_secondary_light	308.462799 484.186005 101.177269	-0.761 34.052 90.068
weapon_jm_secondary_light	-1100.457275 -144.147064 -346.824158	-0.580 33.852 89.881
weapon_jm_secondary_light	-948.281006 162.533112 -346.824158	-0.580 34.062 89.881
weapon_jm_secondary_light	-417.723297 353.598724 -506.823944	-0.616 34.060 89.918
weapon_jm_secondary_light	1828.894287 -47.246216 -506.824158	-0.580 34.062 89.881
weapon_jm_secondary_light	1813.379883 -41.731468 -506.823944	-0.616 34.060 89.918
weapon_jm_secondary_light	-492.461670 161.190674 237.174561	-0.380 34.069 89.674
weapon_jm_secondary_auto	663.134033 -55.495571 -174.886383	-0.855 25.578 91.678
weapon_jm_secondary_auto	76.880165 7.918902 1.113104	-0.826 25.595 91.616
weapon_jm_secondary_auto	-1124.995850 -141.698151 -346.608551	-0.665 25.630 91.284
weapon_jm_secondary_auto	345.912872 -344.749664 -542.888977	-0.703 25.625 91.363
weapon_jm_secondary_auto	350.062408 348.671509 -542.888123	-0.752 25.617 91.465
weapon_jm_secondary_auto	-487.580750 -101.266273 -1018.609314	-0.680 25.626 91.315
weapon_jm_secondary_auto	1476.668213 -159.797836 -366.307098	-0.727 25.648 91.324
weapon_jm_primary_sniper	-287.269043 71.009323 99.385117	3.667 11.762 65.067
weapon_jm_primary_sniper	-1103.179199 -163.773102 -348.574707	3.557 13.195 65.131
weapon_jm_primary_shotgun	-488.206726 -130.636124 -1018.246887	-0.502 -9.610 -89.167
weapon_jm_primary_shotgun	-619.943176 -88.638741 -346.248871	-0.501 -9.415 -89.143
weapon_jm_primary_shotgun	-396.860229 -137.922684 -346.277466	-0.492 -9.619 -88.913
weapon_jm_primary_shotgun	-444.928131 -355.128082 -506.220703	-0.510 -9.605 -89.369
weapon_jm_primary_shotgun	-444.778229 344.416748 -506.223022	-0.509 -9.605 -89.350
weapon_jm_primary_shotgun	1516.835938 -230.103302 -234.194397	-0.518 -9.591 -89.580
weapon_jm_primary_shotgun	-1038.728271 -148.407120 -346.262390	-0.497 -9.613 -89.034
weapon_jm_grenade_frag	-289.940704 -82.269173 102.427635	-36.520 -55.972 -91.200
weapon_jm_grenade_frag	680.848816 -45.997093 -173.880020	-36.117 -56.371 -90.574
weapon_jm_grenade_frag	-1105.827148 158.964157 -345.598999	-36.118 -56.373 -90.575
weapon_jm_grenade_frag	-357.355011 133.405701 -345.625122	-35.718 -56.757 -89.965
weapon_jm_grenade_frag	-64.015160 684.877808 -505.559631	-36.719 -55.765 -91.513
weapon_jm_grenade_health	263.320587 223.563614 -139.349411	-0.094 0.000 -0.036
weapon_jm_grenade_health	652.229675 -80.604767 -175.602203	-0.071 0.000 -0.027
weapon_jm_grenade_health	-1051.062378 159.048996 -347.343079	-0.090 0.000 -0.034
weapon_jm_grenade_health	1827.972656 -89.000175 -507.323914	-0.077 0.000 -0.030
ent_jm_carepackage_spawn	173.377151 1.389049 -1055.525757	0.107 -0.013 0.002
ent_jm_carepackage_spawn	-25.584848 -1.428625 -1071.580078	0.030 -0.022 0.031
ent_jm_carepackage_spawn	-392.276398 -122.253036 -1055.637695	0.001 0.000 0.000
ent_jm_carepackage_spawn	-386.335541 -9.607331 -1055.629639	0.001 0.000 0.000
ent_jm_carepackage_spawn	-385.887360 117.248474 -1055.653076	0.001 0.000 -0.000
ent_jm_carepackage_spawn	-430.509613 -152.334778 -207.665054	0.001 0.000 -0.000
ent_jm_carepackage_spawn	-422.072266 -395.660370 -207.639786	0.001 0.000 0.000
ent_jm_carepackage_spawn	-233.526779 -189.995087 -207.553513	0.014 0.024 0.073
ent_jm_carepackage_spawn	-425.406464 158.360779 -207.582092	0.011 -0.000 0.010
ent_jm_carepackage_spawn	-463.193207 336.719299 -207.641907	0.001 0.000 0.000
ent_jm_carepackage_spawn	-240.099213 163.371765 -207.553879	-0.014 -0.046 0.087
ent_jm_carepackage_spawn	-480.083923 1.052399 -223.644089	0.001 0.000 0.000
ent_jm_carepackage_spawn	-692.041809 -183.458237 -159.675339	0.001 0.000 -0.000
ent_jm_carepackage_spawn	-542.917114 -188.974503 -111.604866	0.003 0.000 0.002
ent_jm_carepackage_spawn	-686.619873 -186.379074 -63.650761	0.001 0.000 -0.000
ent_jm_carepackage_spawn	-537.294922 -184.765228 -15.568750	-0.119 -0.000 0.126
ent_jm_carepackage_spawn	-690.144470 -187.625824 32.381622	0.002 0.000 0.001
ent_jm_carepackage_spawn	-693.972351 180.991943 32.368404	0.001 0.000 0.000
ent_jm_carepackage_spawn	-540.886169 188.250931 -15.618379	0.002 0.000 0.001
ent_jm_carepackage_spawn	-689.790039 192.496841 -63.665054	0.001 0.000 -0.000
ent_jm_carepackage_spawn	-540.641968 189.447845 -111.653053	0.001 0.000 -0.000
ent_jm_carepackage_spawn	-692.647583 192.203934 -159.641922	0.001 0.000 0.000
ent_jm_carepackage_spawn	-483.953491 449.754089 200.344620	0.001 0.000 -0.000
ent_jm_carepackage_spawn	-445.931702 311.794891 200.362305	0.001 0.000 0.000
ent_jm_carepackage_spawn	-336.551453 122.384171 200.377396	-0.015 0.017 -0.025
ent_jm_carepackage_spawn	-352.801300 -22.389786 200.364365	0.001 0.000 0.000
ent_jm_carepackage_spawn	-377.849884 -179.496002 200.365311	-0.025 0.010 -0.015
ent_jm_carepackage_spawn	-460.693665 -323.189880 200.430908	-0.009 0.014 -0.009
ent_jm_carepackage_spawn	-466.180115 -457.692169 200.349243	0.001 0.000 -0.000
ent_jm_carepackage_spawn	-487.409119 -481.823944 64.344620	0.001 0.000 -0.000
ent_jm_carepackage_spawn	-486.546844 480.680054 64.386879	0.002 0.000 0.002
ent_jm_carepackage_spawn	-459.924500 336.127228 64.402809	0.005 0.000 0.004
ent_jm_carepackage_spawn	-456.405182 -284.542267 64.412666	0.008 0.000 0.007
ent_jm_carepackage_spawn	-382.968353 -63.742546 64.332436	0.001 0.000 -0.000
ent_jm_carepackage_spawn	-367.287781 53.839851 64.349243	0.001 0.000 -0.000
ent_jm_carepackage_spawn	-460.310852 -6.010025 64.381622	0.002 0.000 0.001
ent_jm_carepackage_spawn	-562.962585 -3.490529 64.401360	-0.007 -0.016 0.013
ent_jm_carepackage_spawn	-646.701111 -3.229044 64.332794	0.021 -0.006 -0.020
ent_jm_carepackage_spawn	-341.701416 -466.158081 64.368408	0.001 0.000 0.000
ent_jm_carepackage_spawn	-160.645065 -472.009705 64.404274	0.005 0.000 0.004
ent_jm_carepackage_spawn	-3.329404 -467.984589 64.344528	-0.017 0.017 -0.020
ent_jm_carepackage_spawn	197.152542 -471.765106 64.369370	-0.027 0.011 -0.012
ent_jm_carepackage_spawn	230.528717 -193.711609 0.415324	0.009 -0.000 0.009
ent_jm_carepackage_spawn	210.296936 20.648657 0.358080	0.001 0.000 0.000
ent_jm_carepackage_spawn	230.466492 185.909744 0.351501	0.001 0.000 -0.000
ent_jm_carepackage_spawn	414.597290 160.086273 0.388577	0.002 0.000 0.002
ent_jm_carepackage_spawn	453.121033 5.690964 0.364349	-0.016 -0.010 -0.013
ent_jm_carepackage_spawn	128.727005 1.651691 0.395512	0.033 0.024 0.077
ent_jm_carepackage_spawn	20.817152 -2.752475 0.386876	0.002 0.000 0.002
ent_jm_carepackage_spawn	297.334808 -106.669968 0.390252	0.003 0.000 0.002
ent_jm_carepackage_spawn	226.203232 474.693848 64.396072	-0.003 0.010 -0.005
ent_jm_carepackage_spawn	20.372993 463.822449 64.393265	-0.009 -0.017 0.016
ent_jm_carepackage_spawn	-244.143539 472.894897 64.407158	0.006 0.000 0.005
ent_jm_carepackage_spawn	565.555420 -52.493771 0.457490	-0.009 -0.079 0.062
ent_jm_carepackage_spawn	557.666382 57.298813 0.383399	0.002 0.000 0.001
ent_jm_carepackage_spawn	1420.965332 56.709999 -271.584686	0.009 -0.000 0.009
ent_jm_carepackage_spawn	1472.196289 174.618744 -271.596344	0.031 0.027 0.090
ent_jm_carepackage_spawn	1406.816406 -162.805450 -271.641937	0.001 0.000 0.000
ent_jm_carepackage_spawn	1397.840088 -38.565964 -271.616608	0.002 0.000 0.001
ent_jm_carepackage_spawn	1613.679443 -196.736084 -271.637695	0.001 0.000 0.000
ent_jm_carepackage_spawn	1641.048584 232.399979 -271.665070	0.001 0.000 -0.000
ent_jm_carepackage_spawn	1811.533447 215.299133 -271.648499	0.001 0.000 -0.000
ent_jm_carepackage_spawn	1558.646606 -175.714493 -407.660156	0.001 0.000 -0.000
ent_jm_carepackage_spawn	1421.581421 -158.927200 -407.627594	-0.011 -0.016 0.018
ent_jm_carepackage_spawn	1793.903442 -196.358719 -543.588684	0.007 0.000 0.007
ent_jm_carepackage_spawn	1731.438721 -41.208530 -543.660156	0.001 0.000 -0.000
ent_jm_carepackage_spawn	1563.550537 59.454075 -543.629578	-0.012 -0.016 0.019
ent_jm_carepackage_spawn	1544.788208 -82.093201 -543.635620	0.001 0.000 0.000
ent_jm_carepackage_spawn	1563.924072 -196.884735 -543.616638	0.002 0.000 0.001
ent_jm_carepackage_spawn	1790.769775 185.185181 -543.653076	0.001 0.000 -0.000
ent_jm_carepackage_spawn	1606.555786 177.997269 -543.625183	-0.012 0.004 -0.015
ent_jm_carepackage_spawn	1434.004395 174.917786 -543.620178	0.002 0.000 0.001
ent_jm_carepackage_spawn	1401.729492 -24.144415 -543.601746	0.004 0.000 0.003
ent_jm_carepackage_spawn	1208.946167 7.101982 -543.644104	0.001 0.000 0.000
ent_jm_carepackage_spawn	1002.892944 -5.403898 -543.619934	-0.008 0.006 0.007
ent_jm_carepackage_spawn	836.064087 -4.934711 -543.662598	0.001 0.000 -0.000
ent_jm_carepackage_spawn	654.690308 -2.030554 -543.594299	0.005 0.000 0.005
ent_jm_carepackage_spawn	489.864532 8.534136 -543.566711	0.031 -0.000 0.031
ent_jm_carepackage_spawn	274.699402 1.833698 -543.601685	-0.003 -0.018 0.161
ent_jm_carepackage_spawn	353.933868 -5.774747 -543.600220	0.004 0.000 0.003
ent_jm_carepackage_spawn	466.566956 -258.887970 -543.664490	-0.015 -0.017 0.021
ent_jm_carepackage_spawn	463.679413 243.154282 -543.648499	0.001 0.000 -0.000
ent_jm_carepackage_spawn	240.404282 460.323120 -543.623901	0.002 0.000 0.001
ent_jm_carepackage_spawn	1.284636 610.037537 -543.641968	0.001 0.000 0.000
ent_jm_carepackage_spawn	-4.689528 463.077698 -543.639832	0.001 0.000 0.000
ent_jm_carepackage_spawn	-206.181412 473.326996 -543.639771	-0.020 -0.013 0.019
ent_jm_carepackage_spawn	-428.899597 442.037598 -543.603333	0.003 0.000 0.003
ent_jm_carepackage_spawn	-457.239227 -443.021088 -543.560242	0.051 -0.000 0.050
ent_jm_carepackage_spawn	-200.888748 -466.186188 -543.606689	-0.009 0.016 -0.015
ent_jm_carepackage_spawn	-42.148739 -466.325775 -543.657776	0.001 0.000 -0.000
ent_jm_carepackage_spawn	258.697205 -460.981812 -543.625793	0.001 0.000 0.001
ent_jm_carepackage_spawn	-40.756706 -634.692749 -543.629639	0.001 0.000 0.000
ent_jm_carepackage_spawn	29.238914 -777.218140 -543.657776	0.001 0.000 -0.000
ent_jm_carepackage_spawn	-423.611511 239.296036 -383.550446	0.016 0.028 0.044
ent_jm_carepackage_spawn	-249.336609 154.017624 -383.634125	0.002 0.000 -0.001
ent_jm_carepackage_spawn	-265.258698 357.562622 -383.603699	0.001 -0.011 0.005
ent_jm_carepackage_spawn	-574.523376 247.201553 -383.648132	-0.023 -0.003 0.019
ent_jm_carepackage_spawn	-698.115784 294.557037 -383.624359	0.002 0.000 -0.000
ent_jm_carepackage_spawn	-727.894348 108.186577 -383.642487	0.002 0.000 -0.001
ent_jm_carepackage_spawn	-722.451233 -134.272659 -383.608521	0.003 0.000 0.001
ent_jm_carepackage_spawn	-701.749268 -282.454132 -383.644653	0.002 0.000 -0.001
ent_jm_carepackage_spawn	-253.555984 -364.172089 -383.569672	-0.004 -0.009 0.005
ent_jm_carepackage_spawn	-270.912659 -167.806519 -383.607849	-0.003 0.011 -0.006
ent_jm_carepackage_spawn	-383.889526 -282.142334 -383.649078	0.002 0.000 -0.001
ent_jm_carepackage_spawn	-1133.173584 2.753020 -383.622498	0.002 0.000 0.000
ent_jm_carepackage_spawn	-1238.041138 -103.837151 -383.653656	0.002 0.000 -0.001
ent_jm_carepackage_spawn	-1230.903320 104.990250 -383.670776	0.002 0.000 -0.001
ent_jm_carepackage_spawn	439.257843 -161.134506 -175.613556	0.003 0.000 0.001
ent_jm_carepackage_spawn	422.489166 -7.524155 -175.594193	-0.008 -0.016 0.013
ent_jm_carepackage_spawn	425.549957 146.045441 -175.663193	0.002 0.000 -0.001
ent_jm_carepackage_spawn	299.199921 105.445892 -175.624344	0.002 0.000 -0.000
ent_jm_carepackage_spawn	205.279663 131.840317 -175.660751	0.002 0.000 -0.001
ent_jm_carepackage_spawn	223.632950 -11.068373 -175.640320	0.002 0.000 -0.001
ent_jm_carepackage_spawn	237.649307 -154.656219 -175.666428	-0.010 -0.008 0.012
ent_jm_carepackage_spawn	332.240967 -116.982803 -175.630112	0.002 0.000 -0.000
ent_jm_carepackage_spawn	1316.491455 -56.036289 -279.609619	-0.013 -0.016 0.022
ent_jm_carepackage_spawn	671.712219 -47.465897 -39.665058	0.001 0.000 -0.000
