# Trouble in Terrorist Town weapon/ammo placement overrides
# For map: ttt_transit
# Exported by: Josh Mate
setting:	replacespawns 0
weapon_jm_secondary_heavy	30.394804 208.277573 0.970694	2.067 -18.698 -85.678
weapon_jm_secondary_heavy	31.602251 -227.235031 0.970632	2.012 -18.732 -85.774
weapon_jm_secondary_heavy	2215.706055 101.734482 136.970703	2.076 -18.698 -85.663
weapon_jm_secondary_heavy	-2726.278076 -27.977423 136.881119	2.234 -18.490 -84.407
weapon_jm_secondary_heavy	-1829.622437 495.534729 8.970590	1.975 -18.746 -85.839
weapon_jm_secondary_heavy	-2682.822998 -254.572098 0.869446	2.948 -22.577 -83.971
weapon_jm_secondary_heavy	-2383.436523 682.877625 128.970520	1.906 -18.795 -85.959
weapon_jm_secondary_heavy	-3499.531494 215.577744 -255.017914	2.811 -18.140 -85.279
item_jm_ammo_light	26.286434 356.240051 0.319414	0.448 0.073 0.060
item_jm_ammo_light	34.194157 -341.927551 0.369959	0.458 0.057 0.040
item_jm_ammo_light	552.892944 230.399200 136.351822	0.454 0.060 0.047
item_jm_ammo_light	549.749451 -232.870132 136.317123	0.447 0.073 0.061
item_jm_ammo_light	227.015045 -355.997864 136.334564	0.451 0.065 0.054
item_jm_ammo_light	256.210907 352.321014 136.365311	0.457 0.058 0.042
item_jm_ammo_light	1252.793457 648.391907 0.346322	0.453 0.062 0.049
item_jm_ammo_light	1294.396484 -646.915161 0.312417	0.446 0.073 0.063
item_jm_ammo_light	2130.195801 107.683067 0.342519	0.452 0.062 0.051
item_jm_ammo_light	2128.399902 -109.332870 0.346322	0.453 0.062 0.049
item_jm_ammo_light	-755.993713 -155.167709 -319.628174	-0.046 0.309 0.049
item_jm_ammo_light	-2694.972656 -30.994915 0.346284	0.453 0.061 0.050
item_jm_ammo_light	-1694.769531 -499.630615 8.348182	0.454 0.062 0.049
item_jm_ammo_light	-2685.115967 -323.313110 0.344397	0.452 0.061 0.051
item_jm_ammo_light	-2683.950928 -162.941116 0.351780	0.454 0.059 0.048
item_jm_ammo_light	-2773.374023 -332.894531 -255.622742	0.459 0.056 0.037
item_jm_ammo_light	-3501.919922 -50.051144 -255.630035	0.458 0.057 0.040
item_jm_ammo_light	-3113.787354 -625.893494 -255.598480	0.464 0.055 0.027
item_jm_ammo_light	-3085.969238 245.249847 0.374405	0.459 0.057 0.038
item_jm_ammo_light	-2776.242432 249.116562 0.344435	0.453 0.062 0.050
item_jm_ammo_light	-2924.886475 -22.416559 -255.653671	0.453 0.062 0.049
item_jm_ammo_light	1302.440674 102.158310 0.351817	0.454 0.060 0.047
item_jm_ammo_light	2134.485596 -98.794167 136.355347	0.455 0.060 0.046
item_jm_ammo_light	1747.829712 97.983452 0.344435	0.453 0.062 0.050
item_jm_ammo_light	1746.126587 -100.560349 0.360437	0.456 0.058 0.044
item_jm_ammo_heavy	32.397484 226.883301 0.425935	-0.682 -0.007 0.605
item_jm_ammo_heavy	34.288223 -207.427521 0.427713	-0.662 -0.006 0.590
item_jm_ammo_heavy	1065.877808 -0.486321 208.095016	-48.845 -0.013 -0.086
item_jm_ammo_heavy	321.628784 364.065277 0.465887	-0.367 -0.006 0.326
item_jm_ammo_heavy	285.899414 -359.281799 0.374294	0.751 -0.022 -0.518
item_jm_ammo_heavy	2181.948975 106.251633 136.411224	-1.008 0.106 0.789
item_jm_ammo_heavy	2194.673096 104.575439 136.387344	-0.987 0.018 0.883
item_jm_ammo_heavy	-2724.474121 -59.306271 136.422821	-0.750 -0.006 0.586
item_jm_ammo_heavy	-2725.589600 -42.822826 136.457001	-0.434 -0.006 0.387
item_jm_ammo_heavy	-1687.742676 -471.216492 8.393678	-0.946 -0.002 0.843
item_jm_ammo_heavy	-1825.423096 480.359436 8.385027	-0.984 -0.010 0.882
item_jm_ammo_heavy	-2685.864990 -239.414520 0.380156	-0.030 0.002 0.109
item_jm_ammo_heavy	-2380.579590 664.798767 128.475891	-0.288 -0.006 0.256
item_jm_ammo_heavy	-2773.591797 -363.658539 -255.588181	-0.793 -0.006 0.704
item_jm_ammo_heavy	-3504.102539 232.022430 -255.622192	0.301 0.003 -0.158
weapon_jm_primary_smg	1249.803345 621.378906 1.092330	0.352 6.566 -87.328
weapon_jm_primary_smg	1247.369751 -640.291443 1.093276	0.317 6.549 -87.286
weapon_jm_primary_smg	-1827.297852 454.381592 9.093183	0.321 6.549 -87.290
weapon_jm_primary_smg	-3041.961914 -617.840942 -254.905106	0.260 6.539 -87.215
weapon_jm_primary_smg	-3055.340332 235.799179 1.093785	0.299 6.552 -87.264
weapon_jm_primary_smg	1235.071411 96.994438 1.094041	0.290 6.553 -87.253
weapon_jm_grenade_smoke	1060.528931 10.441697 209.471817	-11.143 94.788 84.172
weapon_jm_grenade_smoke	1264.291748 645.929077 0.157383	-1.548 -1.444 -1.576
weapon_jm_grenade_smoke	1282.661621 -627.970886 0.197656	-0.693 -1.564 -0.699
weapon_jm_grenade_smoke	-769.471558 -154.594604 -319.808197	-1.392 -1.488 -0.761
weapon_jm_grenade_smoke	-2701.838379 -50.289871 0.169413	-1.960 -1.379 -1.410
weapon_jm_grenade_smoke	-1690.992676 -487.314667 8.157380	-1.550 -1.444 -1.576
weapon_jm_grenade_smoke	-1837.124634 491.879608 8.131950	-2.092 -1.230 -2.131
weapon_jm_grenade_smoke	-3514.028320 -42.040890 -255.806046	-0.992 -1.260 -0.946
weapon_jm_grenade_smoke	-3096.720459 -622.579468 -255.845963	-1.620 -1.419 -1.649
weapon_jm_grenade_smoke	-3034.291260 237.890030 0.131917	-2.097 -1.230 -2.130
weapon_jm_grenade_smoke	2159.252930 -101.783768 136.140396	-1.911 -1.293 -1.947
weapon_jm_primary_lmg	1356.221924 -92.814018 -2.191552	18.634 -0.118 2.992
weapon_jm_primary_lmg	-770.226990 159.501602 -322.191559	18.634 -0.369 2.992
weapon_jm_primary_lmg	-2831.906738 -613.116638 -258.191559	18.634 -0.123 2.992
weapon_jm_primary_rifle	545.333801 -198.303314 136.914581	0.109 0.394 -87.879
weapon_jm_primary_rifle	541.166809 199.672226 136.879166	0.151 11.848 -87.422
weapon_jm_primary_rifle	-2695.479736 -65.004143 0.876779	-0.044 11.143 -87.631
weapon_jm_primary_rifle	-2346.947021 674.934265 128.900009	0.121 11.849 -87.648
weapon_jm_primary_rifle	-3488.816162 -38.295357 -255.113708	0.141 11.848 -87.499
weapon_jm_primary_rifle	-2841.201904 225.970596 0.863731	0.173 11.848 -87.255
weapon_jm_primary_rifle	2200.856445 -99.959900 136.893570	0.130 11.848 -87.578
weapon_jm_secondary_light	22.532843 338.709106 0.172912	36.553 0.415 0.084
weapon_jm_secondary_light	31.194445 -356.179260 0.163615	36.653 0.426 0.103
weapon_jm_secondary_light	1234.552124 648.088135 0.171598	36.568 0.416 0.087
weapon_jm_secondary_light	2142.108154 -108.782188 0.178919	36.489 0.408 0.072
weapon_jm_secondary_light	-782.817627 -154.704849 -319.820007	36.579 0.391 0.048
weapon_jm_secondary_light	-2685.547363 -175.805740 0.189823	36.624 0.362 0.033
weapon_jm_secondary_light	-3500.158203 -66.570091 -255.834076	36.629 0.423 0.098
weapon_jm_secondary_light	-3107.419922 -607.431641 -255.838806	36.679 0.428 0.107
weapon_jm_secondary_light	1742.981079 -113.855003 0.178920	36.489 0.408 0.072
weapon_jm_secondary_auto	548.116455 219.295486 137.107269	-0.485 25.863 90.896
weapon_jm_secondary_auto	541.796814 -219.303070 137.109207	-0.604 25.858 91.136
weapon_jm_secondary_auto	235.733871 -347.499146 137.112488	-0.807 25.827 91.545
weapon_jm_secondary_auto	240.444717 356.966125 137.113113	-0.846 25.813 91.623
weapon_jm_secondary_auto	1305.109131 -634.895386 1.110078	-0.659 25.851 91.245
weapon_jm_secondary_auto	2142.976318 108.485741 1.112327	-0.798 25.827 91.526
weapon_jm_secondary_auto	-2695.642334 -39.234905 1.114569	-0.893 25.397 91.779
weapon_jm_secondary_auto	-1680.541138 -486.833405 9.112948	-0.836 25.813 91.603
weapon_jm_secondary_auto	-2682.469238 -332.406433 1.108972	-0.571 25.453 91.102
weapon_jm_secondary_auto	-2763.515625 -329.723328 -254.889069	-0.712 25.846 91.352
weapon_jm_secondary_auto	-3104.085938 254.431595 1.108821	-0.723 25.496 91.136
weapon_jm_secondary_auto	-2797.128418 252.027374 1.111198	-0.728 25.839 91.385
weapon_jm_secondary_auto	-2940.048340 -20.290478 -254.886551	-0.867 25.794 91.665
weapon_jm_secondary_auto	1278.771240 104.482445 1.111605	-0.753 25.838 91.436
weapon_jm_secondary_auto	2146.518555 -106.513428 137.112030	-0.780 25.828 91.489
weapon_jm_secondary_auto	1745.463013 113.522583 1.107809	-0.519 25.862 90.964
weapon_jm_primary_sniper	1060.458862 0.279091 224.890747	8.507 14.746 106.338
weapon_jm_primary_sniper	2154.963623 100.379578 135.142471	3.610 12.628 65.629
weapon_jm_primary_sniper	-2720.369141 -69.070259 135.202621	3.422 13.207 65.468
weapon_jm_primary_shotgun	291.613098 351.240631 1.076170	-0.308 -8.461 -83.940
weapon_jm_primary_shotgun	313.087006 -348.910980 1.084772	-0.325 -8.460 -84.021
weapon_jm_primary_shotgun	-1689.654663 -462.393860 9.000141	-0.155 -8.469 -83.224
weapon_jm_primary_shotgun	-2772.317139 -353.105927 -254.973129	-0.362 -15.266 -83.479
item_jm_ammo_medium	558.695190 -213.701263 136.413620	-0.074 -0.020 -0.022
item_jm_ammo_medium	554.924194 187.318451 136.401230	-0.085 -0.020 -0.026
item_jm_ammo_medium	1274.790771 642.647034 0.427731	-0.062 -0.020 -0.019
item_jm_ammo_medium	1277.809448 -644.356934 0.398234	-0.088 -0.020 -0.027
item_jm_ammo_medium	-2710.440918 -42.321117 0.347612	-0.132 -0.019 -0.040
item_jm_ammo_medium	-1844.371948 475.640503 8.376425	-0.107 -0.019 -0.032
item_jm_ammo_medium	-2322.196045 673.557068 128.347610	-0.132 -0.019 -0.040
item_jm_ammo_medium	-3501.868652 -13.138082 -255.643524	-0.124 -0.019 -0.038
item_jm_ammo_medium	-3079.763916 -609.862976 -255.637222	-0.119 -0.019 -0.036
item_jm_ammo_medium	-3012.425537 243.208694 0.364819	-0.117 -0.019 -0.035
item_jm_ammo_medium	-2817.613525 234.570267 0.381844	-0.102 -0.020 -0.031
item_jm_ammo_medium	1264.219238 107.509323 0.408319	-0.079 -0.020 -0.024
item_jm_ammo_medium	2167.633789 -104.236130 136.390869	0.113 -0.058 -0.096
weapon_jm_grenade_fire	246.973068 365.257324 136.160583	-1.480 -1.456 -1.507
weapon_jm_grenade_fire	238.771133 -368.220490 136.141739	-1.882 -1.286 -1.918
weapon_jm_grenade_fire	1337.018555 -91.046844 0.170251	-1.274 -1.504 -1.296
weapon_jm_grenade_fire	-2338.520996 669.257935 128.167496	-1.333 -1.499 -1.356
weapon_jm_grenade_fire	-3513.030273 221.859558 -255.860962	-1.940 -1.274 -1.977
weapon_jm_grenade_fire	1893.298584 0.044727 0.160580	-1.480 -1.456 -1.507
weapon_jm_grenade_fire	-2738.012695 370.856293 0.154024	-1.625 -1.419 -1.646
weapon_jm_grenade_push	2159.374023 111.541756 138.163116	-36.776 -49.221 -91.604
weapon_jm_grenade_push	-2719.469482 -48.175041 138.093842	-35.718 -56.755 -89.965
