# Trouble in Terrorist Town weapon/ammo placement overrides
# For map: ttt_gas_station
# Exported by: Josh
setting:	replacespawns 0
weapon_jm_secondary_heavy	1761.256592 -419.727264 37.155300	2.231 -18.489 -84.335
weapon_jm_secondary_heavy	1766.313354 -450.180878 37.136024	2.224 -18.471 -84.137
weapon_jm_secondary_heavy	1765.761597 -482.634735 37.147690	2.228 -18.488 -84.257
weapon_jm_secondary_heavy	-1604.082642 -2012.890259 29.101967	2.210 -18.356 -83.788
weapon_jm_secondary_heavy	-1628.756226 -2019.040039 29.160992	2.233 -18.491 -84.393
weapon_jm_secondary_heavy	-1661.191284 -2020.760132 29.097355	2.208 -18.320 -83.741
weapon_jm_grenade_tag	-1495.141357 -243.242462 36.474178	-1.351 -1.490 -0.738
weapon_jm_grenade_tag	-1469.526245 -243.637238 36.457371	-1.966 -1.430 -1.075
weapon_jm_grenade_tag	-1493.499023 244.706131 36.477856	-1.218 -1.496 -0.664
weapon_jm_grenade_tag	-1467.812256 245.975998 36.464161	-1.718 -1.464 -0.939
weapon_jm_grenade_tag	902.024963 117.835579 28.445791	-2.395 -1.322 -1.306
weapon_jm_grenade_tag	1754.636841 -1296.352173 36.437485	-2.698 -1.246 -1.475
weapon_jm_grenade_tag	-1692.588257 61.917381 0.149581	-0.804 -1.679 -1.226
weapon_jm_grenade_jump	-1610.452271 -2030.296997 28.434059	-2.826 -1.186 -1.542
weapon_jm_grenade_jump	-1641.602051 -2030.870728 28.440676	-2.581 -1.238 -1.410
weapon_jm_grenade_jump	-1654.193359 2016.389526 92.446815	-2.356 -1.359 -1.288
weapon_jm_grenade_jump	1804.013672 1931.168335 172.452942	-2.120 -1.402 -1.159
weapon_jm_grenade_jump	-890.233276 -1075.529785 38.364162	23.701 -64.393 -89.611
weapon_jm_primary_smg	-1700.916748 -1089.513794 29.374823	0.307 6.174 -87.273
weapon_jm_primary_smg	-771.450989 2013.122559 93.374519	0.319 6.183 -87.289
weapon_jm_primary_smg	-1823.604004 1737.126831 93.375114	0.298 6.174 -87.263
weapon_jm_primary_smg	906.693054 94.941948 29.375254	0.207 6.490 -87.137
weapon_jm_primary_smg	2009.176880 276.359741 122.589218	0.308 6.177 -87.275
weapon_jm_primary_smg	1043.694214 1234.867432 8.689361	-1.170 37.166 77.792
weapon_jm_primary_smg	-644.200195 1671.338745 85.792236	-7.381 1.385 -2.285
weapon_jm_primary_smg	-1024.583618 -250.385330 25.676367	0.293 7.358 -87.741
weapon_jm_primary_smg	1393.633545 -1175.183716 41.358238	0.208 5.681 -87.152
weapon_jm_grenade_glue	1478.410034 -289.405853 177.764481	-0.000 -0.000 0.042
weapon_jm_grenade_glue	-408.923828 1442.373535 97.798019	-0.060 0.000 0.049
weapon_jm_grenade_glue	-1820.544067 1773.402100 97.730217	0.047 -0.000 -0.027
weapon_jm_grenade_glue	1292.583618 -1252.359985 41.793495	-0.036 0.000 0.003
weapon_jm_grenade_glue	-1063.771362 355.335846 169.721329	-0.050 0.000 -0.029
weapon_jm_primary_lmg	1437.603027 -290.118286 170.040695	18.498 0.225 1.814
weapon_jm_primary_rifle	-869.893921 -1001.539368 37.176105	0.127 11.253 -87.581
weapon_jm_primary_rifle	-1088.268921 -353.445099 165.132950	0.187 11.252 -87.107
weapon_jm_primary_rifle	-420.866425 1472.554810 93.163368	0.089 9.213 -87.828
weapon_jm_primary_rifle	-1668.971802 2019.758667 93.175690	-0.014 8.739 -87.757
weapon_jm_primary_rifle	916.018860 659.199768 29.186913	0.145 10.502 -87.913
weapon_jm_primary_rifle	1122.118286 -1923.044800 29.140366	0.177 11.252 -87.186
weapon_jm_primary_rifle	1473.760498 -1115.951050 37.174427	0.130 11.253 -87.562
weapon_jm_primary_rifle	-906.014160 -1074.588623 37.793106	0.588 12.069 -86.251
weapon_jm_secondary_light	-1460.435181 -231.517654 37.175755	-0.530 34.064 89.829
weapon_jm_secondary_light	-1486.798096 -233.078934 37.176865	-0.706 34.055 90.011
weapon_jm_secondary_light	-1508.969482 -231.306839 37.175705	-0.522 34.064 89.821
weapon_jm_secondary_light	-1507.766968 231.555588 37.177593	-0.821 34.050 90.130
weapon_jm_secondary_light	-1483.009766 233.786163 37.176128	-0.589 34.061 89.890
weapon_jm_secondary_light	-1459.067383 235.732529 37.176186	-0.598 34.060 89.899
weapon_jm_secondary_auto	-1164.846069 1443.961060 93.394638	-0.845 25.594 91.657
weapon_jm_secondary_auto	-1197.028809 1438.324707 93.391876	-0.680 25.626 91.315
weapon_jm_secondary_auto	-1227.432373 1441.430908 93.392006	-0.688 25.625 91.331
weapon_jm_secondary_auto	-985.080811 1886.533691 93.391029	-0.623 25.634 91.198
weapon_jm_secondary_auto	-984.791626 1852.276733 93.389359	-0.524 25.639 90.992
weapon_jm_secondary_auto	-984.892029 1826.841064 93.391373	-0.644 25.631 91.240
weapon_jm_primary_sniper	-906.715881 -2011.894043 27.491991	3.403 13.208 65.515
weapon_jm_primary_sniper	1761.212769 -1027.054932 171.474121	3.281 8.883 65.277
weapon_jm_primary_sniper	1807.053345 1922.595703 171.482361	3.305 14.757 65.360
weapon_jm_primary_sniper	-1695.539307 54.337906 -0.910143	3.698 12.651 64.974
weapon_jm_primary_shotgun	-1092.787720 349.129700 165.698486	-0.485 -9.620 -88.721
weapon_jm_primary_shotgun	1859.272705 189.322113 37.776020	-0.509 -9.605 -89.341
weapon_jm_primary_shotgun	1730.849731 -1302.860474 37.728653	-0.494 -9.615 -88.960
weapon_jm_primary_shotgun	1293.093140 -1244.832153 37.768505	-0.506 -9.607 -89.280
weapon_jm_primary_shotgun	801.122437 -1234.592896 17.458364	-0.498 -9.613 -89.048
weapon_jm_primary_shotgun	917.698730 1953.738403 3.383425	-0.489 -8.854 -88.823
weapon_jm_primary_shotgun	-1025.506226 245.848907 26.106880	-0.767 -9.759 -89.934
weapon_jm_primary_shotgun	1609.073486 -321.672852 41.511436	-0.514 -9.636 -89.475
weapon_jm_grenade_frag	-975.411438 1839.324951 94.520378	-37.936 -54.428 -93.497
weapon_jm_grenade_frag	-973.962402 1875.488403 94.490982	-37.488 -54.937 -92.752
weapon_jm_grenade_frag	-1174.606934 1428.432495 94.509590	-37.773 -54.616 -93.224
weapon_jm_grenade_frag	-1213.506836 1426.883179 94.475189	-37.248 -55.200 -92.361
weapon_jm_grenade_frag	906.735657 652.514832 29.660299	6.836 -31.816 -73.973
weapon_jm_grenade_health	1773.398682 -461.980865 36.637257	-0.103 0.000 -0.039
weapon_jm_grenade_health	1776.575928 -427.892792 36.733242	0.989 -0.013 -0.469
weapon_jm_grenade_health	-1822.904907 1439.124023 64.385262	-0.079 -0.000 0.030
weapon_jm_grenade_health	669.603699 -1229.111816 16.345486	-0.103 -0.000 0.039
weapon_jm_grenade_health	-1075.296997 -363.809814 164.686249	-0.070 -0.000 -0.029
weapon_jm_grenade_health	1395.223511 -1153.545410 40.618126	-0.100 0.000 -0.038
ent_jm_carepackage_spawn	-564.154358 -1617.040405 -7.601811	0.004 0.000 0.003
ent_jm_carepackage_spawn	-542.155334 -1950.805420 -7.591513	0.006 0.000 0.005
ent_jm_carepackage_spawn	-891.763184 -1859.806152 -7.667728	-0.017 0.017 -0.021
ent_jm_carepackage_spawn	-1091.927612 -1561.222290 -7.639899	0.001 0.000 -0.000
ent_jm_carepackage_spawn	-1466.850952 -1965.883301 -7.618470	0.002 0.000 0.001
ent_jm_carepackage_spawn	-1626.666748 -1552.484009 -7.564652	0.035 -0.000 0.034
ent_jm_carepackage_spawn	-1469.797729 -1231.044189 121.896912	0.003 0.000 0.007
ent_jm_carepackage_spawn	-1936.029907 -1301.158936 -7.609832	0.003 0.000 0.002
ent_jm_carepackage_spawn	-652.709229 -1230.564941 -7.603366	0.004 0.000 0.003
ent_jm_carepackage_spawn	-1199.183960 -948.032776 0.383309	0.002 0.000 0.001
ent_jm_carepackage_spawn	-1585.762573 -605.127502 -7.568027	0.014 -0.025 0.009
ent_jm_carepackage_spawn	-810.039490 -624.341614 -7.646826	0.002 0.000 -0.001
ent_jm_carepackage_spawn	-738.396912 601.676575 -7.640324	0.002 0.000 -0.001
ent_jm_carepackage_spawn	-1628.334473 601.049316 -7.594640	0.006 0.000 0.004
ent_jm_carepackage_spawn	-1738.803833 57.403278 0.346550	0.002 0.000 -0.001
ent_jm_carepackage_spawn	-1457.823730 153.417145 0.383094	0.003 0.000 0.001
ent_jm_carepackage_spawn	-1458.841064 -147.563675 0.337328	-0.010 -0.008 0.011
ent_jm_carepackage_spawn	-1034.341919 -140.843338 0.326847	0.002 0.000 -0.001
ent_jm_carepackage_spawn	-1055.914795 102.631142 0.428545	0.022 -0.000 0.021
ent_jm_carepackage_spawn	-1582.117676 -18.763538 64.332001	0.002 0.000 -0.001
ent_jm_carepackage_spawn	-1597.591553 -319.306824 104.353340	0.002 0.000 -0.001
ent_jm_carepackage_spawn	-1609.476440 333.560486 104.442772	0.063 -0.000 0.062
ent_jm_carepackage_spawn	-1206.039551 337.132172 128.366058	0.002 0.000 -0.000
ent_jm_carepackage_spawn	-1199.732056 -308.899902 128.404022	0.005 0.000 0.004
ent_jm_carepackage_spawn	-1039.907471 -207.861099 128.346542	0.002 0.000 -0.001
ent_jm_carepackage_spawn	-1041.805298 181.483459 128.355545	0.002 0.000 -0.001
ent_jm_carepackage_spawn	-843.320129 -438.814819 139.829651	7.085 0.517 6.671
ent_jm_carepackage_spawn	-843.437561 449.399292 139.108887	7.051 -0.367 -4.638
ent_jm_carepackage_spawn	-1732.867065 451.854980 137.756912	-6.894 0.415 -7.183
ent_jm_carepackage_spawn	-1737.150391 -431.567993 138.983200	-1.754 0.357 7.053
ent_jm_carepackage_spawn	-511.848541 -4.954227 -7.645923	-0.013 -0.016 0.019
ent_jm_carepackage_spawn	-331.459778 -531.008545 0.366300	0.001 0.000 0.000
ent_jm_carepackage_spawn	-308.271790 -1734.455566 0.416547	0.010 -0.000 0.009
ent_jm_carepackage_spawn	-300.444336 407.720673 0.377892	0.002 0.000 0.001
ent_jm_carepackage_spawn	-306.961548 1663.009521 0.401236	0.004 0.000 0.003
ent_jm_carepackage_spawn	327.296326 1607.518799 0.496285	-0.103 0.002 -0.103
ent_jm_carepackage_spawn	505.866882 231.544388 -7.620639	0.003 0.000 0.000
ent_jm_carepackage_spawn	498.624817 -223.272003 -7.590400	0.007 0.000 0.005
ent_jm_carepackage_spawn	347.844940 -1591.034668 0.374143	0.002 0.000 0.000
ent_jm_carepackage_spawn	-414.863495 1139.223022 -7.606554	0.003 0.000 0.002
ent_jm_carepackage_spawn	-795.650635 966.919678 0.382772	-0.017 0.013 -0.016
ent_jm_carepackage_spawn	-1244.560303 1336.656982 -7.592923	0.006 0.000 0.005
ent_jm_carepackage_spawn	-1968.386597 1190.054688 -7.627773	0.002 0.000 0.000
ent_jm_carepackage_spawn	-1667.896240 1816.435913 56.402550	0.005 0.000 0.003
ent_jm_carepackage_spawn	-1913.117676 1775.490601 56.330017	0.001 0.000 -0.000
ent_jm_carepackage_spawn	-1855.206177 1483.893677 64.399811	0.004 0.000 0.003
ent_jm_carepackage_spawn	-1413.009033 1888.691650 56.371990	0.002 0.000 -0.000
ent_jm_carepackage_spawn	-1237.029663 1730.494019 56.415092	0.009 0.000 0.008
ent_jm_carepackage_spawn	-1026.154663 1491.469604 56.408318	0.007 0.000 0.005
ent_jm_carepackage_spawn	-655.522583 1446.181396 56.421410	0.013 -0.000 0.012
ent_jm_carepackage_spawn	-637.050659 1911.818359 56.339439	0.002 0.000 -0.001
ent_jm_carepackage_spawn	-847.007263 1674.150757 56.488140	-0.346 0.005 -0.346
ent_jm_carepackage_spawn	653.114380 1742.187988 -7.600581	0.004 0.000 0.002
ent_jm_carepackage_spawn	876.255371 1964.171387 2.302250	-0.001 -0.000 -0.002
ent_jm_carepackage_spawn	1164.588623 1580.649780 -7.651328	0.002 0.000 -0.001
ent_jm_carepackage_spawn	1572.651733 1517.273071 -7.571557	0.022 -0.000 0.020
ent_jm_carepackage_spawn	1896.845947 1928.029663 -7.668200	0.002 0.000 -0.001
ent_jm_carepackage_spawn	1919.279419 1920.982178 136.398010	0.004 0.000 0.002
ent_jm_carepackage_spawn	1879.102173 1076.970337 0.339733	0.001 0.000 -0.001
ent_jm_carepackage_spawn	1999.317383 599.798157 116.043663	22.258 45.084 -20.673
ent_jm_carepackage_spawn	1978.488770 363.257751 121.853577	-0.002 0.000 0.003
ent_jm_carepackage_spawn	1817.508179 354.212494 192.361618	-0.021 0.013 -0.018
ent_jm_carepackage_spawn	1264.867798 163.061829 256.355377	0.002 0.000 -0.001
ent_jm_carepackage_spawn	1586.406372 164.369232 256.403900	0.005 0.000 0.003
ent_jm_carepackage_spawn	1604.172729 531.205688 256.348663	0.002 0.000 -0.001
ent_jm_carepackage_spawn	1249.317871 538.189636 256.339233	0.002 0.000 -0.001
ent_jm_carepackage_spawn	1730.227539 787.422546 -7.665222	-0.017 0.017 -0.021
ent_jm_carepackage_spawn	1129.115967 1145.613525 -7.600273	0.004 0.000 0.003
ent_jm_carepackage_spawn	991.867859 597.109619 -7.590118	0.007 0.000 0.006
ent_jm_carepackage_spawn	512.715454 900.961365 -7.629720	0.002 0.000 0.000
ent_jm_carepackage_spawn	1013.094910 863.082703 -7.631695	0.001 0.000 0.000
ent_jm_carepackage_spawn	1527.410522 896.598022 -7.603370	0.004 0.000 0.002
ent_jm_carepackage_spawn	1510.173218 546.128235 -7.637801	0.001 0.000 -0.000
ent_jm_carepackage_spawn	1261.793579 268.803009 -7.646384	0.001 0.000 -0.000
ent_jm_carepackage_spawn	1470.949707 75.467201 -7.648611	0.001 0.000 -0.000
ent_jm_carepackage_spawn	1850.511475 660.032654 0.370280	0.002 0.000 0.000
ent_jm_carepackage_spawn	1842.187378 89.281456 0.360101	0.001 0.000 -0.000
ent_jm_carepackage_spawn	1658.312988 -136.562912 -7.680845	0.001 0.000 -0.001
ent_jm_carepackage_spawn	993.400635 -138.589325 -7.665181	0.001 0.000 -0.001
ent_jm_carepackage_spawn	1008.009155 104.333252 -7.608180	0.003 0.000 0.002
ent_jm_carepackage_spawn	821.225098 78.356422 121.926842	0.031 -0.000 0.034
ent_jm_carepackage_spawn	801.974365 666.079712 121.869766	-0.001 0.000 0.004
ent_jm_carepackage_spawn	699.367615 98.800201 0.353616	0.001 0.000 -0.000
ent_jm_carepackage_spawn	901.270874 -660.000183 -7.542404	0.185 -0.000 0.184
ent_jm_carepackage_spawn	590.323364 -1203.648438 0.332306	0.001 0.000 -0.001
ent_jm_carepackage_spawn	795.394531 -1528.401367 -7.669721	-0.014 -0.016 0.023
ent_jm_carepackage_spawn	1004.808472 -1933.986450 -7.655968	0.002 0.000 -0.001
ent_jm_carepackage_spawn	1207.263550 -1939.738037 -7.586339	0.009 0.000 0.007
ent_jm_carepackage_spawn	1506.290649 -1324.874634 0.416552	0.010 -0.000 0.009
ent_jm_carepackage_spawn	1688.727539 -1608.524048 -7.632091	0.002 0.000 -0.001
ent_jm_carepackage_spawn	1991.323608 -1978.427856 -7.630114	0.002 0.000 -0.000
ent_jm_carepackage_spawn	1718.043213 -1388.737793 0.342781	-0.017 -0.017 0.020
ent_jm_carepackage_spawn	1879.109375 -1096.082642 0.421573	0.013 -0.000 0.013
ent_jm_carepackage_spawn	1947.921509 -834.287048 -7.593204	0.006 0.000 0.004
ent_jm_carepackage_spawn	1968.152100 -437.234070 -7.622474	0.002 0.000 -0.000
ent_jm_carepackage_spawn	1629.027344 -1133.573120 0.452964	0.135 -0.000 0.135
ent_jm_carepackage_spawn	1596.952026 -904.646484 0.337544	0.001 0.000 -0.000
ent_jm_carepackage_spawn	1691.659912 -378.466980 0.402884	0.005 0.000 0.004
ent_jm_carepackage_spawn	1351.115479 -521.547058 0.396792	0.003 0.000 0.003
ent_jm_carepackage_spawn	1624.059570 -561.918823 0.364474	0.001 0.000 0.000
ent_jm_carepackage_spawn	1176.948853 -511.588440 0.322138	0.001 0.000 -0.000
ent_jm_carepackage_spawn	1271.718140 -886.320190 0.356032	0.001 0.000 0.000
ent_jm_carepackage_spawn	1261.296997 -1130.640503 0.374337	0.001 0.000 0.001
ent_jm_carepackage_spawn	718.056152 -1189.313110 16.407154	0.006 0.000 0.005
ent_jm_carepackage_spawn	771.429382 -1189.706909 16.427589	0.020 -0.000 0.020
ent_jm_carepackage_spawn	992.002014 -1168.653442 -7.637801	0.001 0.000 -0.000
ent_jm_carepackage_spawn	1588.188354 -1082.657104 136.386353	-0.018 0.007 -0.005
ent_jm_carepackage_spawn	1594.880981 -872.034485 136.366058	0.002 0.000 -0.000
ent_jm_carepackage_spawn	1695.070435 -321.505341 136.438400	0.044 -0.000 0.043
ent_jm_carepackage_spawn	1226.068726 -379.349884 136.353180	0.002 0.000 -0.001
ent_jm_carepackage_spawn	1263.094238 -703.151367 136.339249	0.002 0.000 -0.001
ent_jm_carepackage_spawn	-0.994502 -1927.933105 -7.653169	0.001 0.000 -0.000
ent_jm_carepackage_spawn	-2.664746 -1421.127808 -7.657866	0.001 0.000 -0.000
ent_jm_carepackage_spawn	3.889249 -885.114868 -7.633699	0.001 0.000 0.000
ent_jm_carepackage_spawn	0.759687 -364.830017 -7.660267	0.001 0.000 -0.001
ent_jm_carepackage_spawn	3.626727 157.132523 -7.614937	0.002 0.000 0.001
ent_jm_carepackage_spawn	0.735753 669.030212 -7.642028	0.001 0.000 -0.000
ent_jm_carepackage_spawn	-0.265147 1165.610718 -7.566791	0.031 -0.000 0.030
ent_jm_carepackage_spawn	4.590641 1940.326050 -7.639899	0.001 0.000 -0.000
ent_jm_carepackage_spawn	515.650146 469.954651 96.409599	0.007 0.000 0.005
ent_jm_carepackage_spawn	-1738.227783 -1936.551514 121.908310	0.008 0.000 0.011
ent_jm_carepackage_spawn	-1198.030396 -0.389341 0.377668	0.002 0.000 0.000
ent_jm_carepackage_spawn	-723.423035 1349.555786 0.405890	-0.008 -0.016 0.013
ent_jm_carepackage_spawn	-1264.986450 954.922913 0.405653	0.006 0.000 0.005
ent_jm_carepackage_spawn	-1351.553467 1363.063232 37.393089	-0.607 0.051 -0.998
ent_jm_carepackage_spawn	538.281616 1213.309937 0.339733	0.001 0.000 -0.001
ent_jm_carepackage_spawn	1006.422729 1226.112061 6.287598	-3.829 0.075 -4.428
ent_jm_carepackage_spawn	1979.987793 -154.312790 121.869766	-0.001 0.000 0.004
