# Trouble in Terrorist Town weapon/ammo placement overrides
# For map: ttt_lost_at_sea
# Exported by: Josh Mate
setting:	replacespawns 0
weapon_jm_secondary_heavy	-1823.300415 1815.662476 264.854156	2.466 -16.774 -84.011
weapon_jm_secondary_heavy	1830.427368 1809.468506 264.885101	2.235 -18.491 -84.448
weapon_jm_secondary_heavy	1809.561035 -1831.899048 264.891327	2.238 -18.492 -84.512
weapon_jm_secondary_heavy	-1829.144165 -1813.733032 264.863251	2.227 -18.490 -84.224
weapon_jm_secondary_heavy	-316.521210 1188.885864 296.869537	2.229 -18.490 -84.289
weapon_jm_secondary_heavy	1193.142212 -312.183807 296.908447	2.244 -18.496 -84.688
weapon_jm_secondary_heavy	316.649109 -859.829895 296.851196	2.222 -18.469 -84.101
weapon_jm_secondary_heavy	-856.605591 -321.815735 296.845642	2.220 -18.437 -84.044
weapon_jm_grenade_tag	322.096802 1025.430054 296.166473	-2.320 -1.370 -1.269
weapon_jm_grenade_tag	1015.556091 324.281372 296.156189	-2.698 -1.247 -1.475
weapon_jm_grenade_tag	-328.521027 -1021.858643 296.156189	-2.698 -1.246 -1.475
weapon_jm_grenade_tag	-1028.866089 329.066376 296.177704	-1.908 -1.428 -1.043
weapon_jm_grenade_tag	-978.496948 46.301476 440.171051	-2.152 -1.401 -1.177
weapon_jm_grenade_tag	44.983265 975.340942 440.171906	-2.123 -1.402 -1.158
weapon_jm_grenade_tag	1072.606445 48.279495 440.155090	-2.739 -1.229 -1.497
weapon_jm_grenade_tag	-47.855927 -978.402771 440.171906	-2.122 -1.402 -1.158
weapon_jm_grenade_jump	-1829.610474 1807.216309 264.183594	-1.692 -1.464 -0.925
weapon_jm_grenade_jump	1826.656982 -1815.054199 264.168335	-2.251 -1.362 -1.231
weapon_jm_grenade_jump	-978.409668 197.042648 384.160492	-2.540 -1.297 -1.389
weapon_jm_grenade_jump	1072.942383 199.846680 384.182220	-1.743 -1.459 -0.953
weapon_jm_primary_smg	992.250916 329.404205 297.093719	0.301 6.174 -87.266
weapon_jm_primary_smg	-327.349548 -1009.659485 297.100189	0.284 5.934 -87.473
weapon_jm_primary_smg	-1054.856445 329.446472 297.094177	0.284 6.176 -87.246
weapon_jm_primary_smg	323.243866 995.347778 296.972961	0.342 -0.003 -86.252
weapon_jm_primary_smg	-1032.473389 240.946045 417.095154	0.250 6.163 -87.203
weapon_jm_primary_smg	250.050781 1020.100281 417.093628	0.304 6.174 -87.270
weapon_jm_primary_smg	1021.371460 244.404190 417.093109	0.323 6.187 -87.293
weapon_jm_primary_smg	-253.207428 -1029.701782 417.102234	0.154 5.951 -87.252
weapon_jm_grenade_glue	-154.245255 994.954407 269.479248	-0.036 0.000 -0.020
weapon_jm_grenade_glue	1053.738281 -165.315872 269.461456	-0.041 -0.000 0.024
weapon_jm_grenade_glue	167.584808 -987.812134 269.421753	-0.054 0.000 -0.031
weapon_jm_grenade_glue	-996.036255 -166.203140 269.525024	-0.128 0.000 0.175
weapon_jm_primary_lmg	-1.015882 -0.494717 320.317230	18.520 0.961 2.702
weapon_jm_primary_rifle	-60.014359 -1023.795654 537.122131	-0.681 0.016 -90.546
weapon_jm_primary_rifle	1022.464722 53.897007 536.889648	0.134 11.253 -87.523
weapon_jm_primary_rifle	62.819519 1024.418335 536.929810	0.079 8.122 -88.022
weapon_jm_primary_rifle	-1022.096436 54.901497 536.927185	0.082 11.255 -87.938
weapon_jm_secondary_light	-276.513489 1189.278076 296.171600	36.693 0.397 0.059
weapon_jm_secondary_light	-240.746643 1186.990967 296.175415	36.641 0.394 0.054
weapon_jm_secondary_light	-240.868546 853.779663 296.185486	36.505 0.386 0.040
weapon_jm_secondary_light	-281.704620 849.581970 296.177216	36.617 0.392 0.052
weapon_jm_secondary_light	853.781250 -277.998108 296.194672	36.379 0.378 0.028
weapon_jm_secondary_light	858.554199 -240.088593 296.165161	36.781 0.402 0.068
weapon_jm_secondary_light	1193.847534 -237.800781 296.172241	36.684 0.396 0.058
weapon_jm_secondary_light	1188.118164 -276.943604 296.175415	36.641 0.394 0.054
weapon_jm_secondary_light	235.617264 -860.128906 296.172241	36.684 0.396 0.058
weapon_jm_secondary_light	270.948029 -859.464783 296.190491	36.436 0.382 0.034
weapon_jm_secondary_light	277.793793 -1192.533569 296.185028	36.511 0.386 0.041
weapon_jm_secondary_light	246.183060 -1189.453125 296.175415	36.641 0.394 0.054
weapon_jm_secondary_light	-1194.060913 -272.940094 296.180542	36.572 0.390 0.047
weapon_jm_secondary_light	-1197.746338 -245.868729 296.181061	36.565 0.389 0.046
weapon_jm_secondary_light	-857.590515 -239.965988 296.177216	36.617 0.392 0.052
weapon_jm_secondary_light	-855.238586 -278.464386 296.170929	36.703 0.398 0.060
weapon_jm_secondary_auto	-318.523682 854.599060 297.111328	-0.719 25.619 91.396
weapon_jm_secondary_auto	854.863953 -318.952362 297.110168	-0.651 25.630 91.255
weapon_jm_secondary_auto	325.092377 -1193.234497 297.113098	-0.826 25.595 91.616
weapon_jm_secondary_auto	-1190.428711 -315.723145 297.112457	-0.788 25.608 91.538
weapon_jm_primary_sniper	-133.840073 -1015.249939 631.134094	3.580 13.234 65.072
weapon_jm_primary_sniper	131.936981 1021.763123 631.099731	3.660 13.272 64.874
weapon_jm_primary_shotgun	1051.581787 319.901917 297.463501	-0.499 -9.613 -89.090
weapon_jm_primary_shotgun	-318.548126 -1051.622681 297.478241	-0.479 -9.741 -89.295
weapon_jm_primary_shotgun	-1001.352478 324.400665 297.487274	-0.420 -9.883 -89.588
weapon_jm_primary_shotgun	326.100952 1049.704224 297.503113	-0.511 -8.548 -89.408
weapon_jm_primary_shotgun	-198.338165 -978.559448 385.449280	-0.495 -9.615 -88.976
weapon_jm_primary_shotgun	202.566269 971.512939 385.424438	-0.487 -9.620 -88.776
weapon_jm_grenade_frag	-53.785843 -1028.112061 538.146362	-36.520 -55.972 -91.200
weapon_jm_grenade_frag	1010.841492 45.612297 538.168213	-36.854 -54.706 -91.727
weapon_jm_grenade_frag	51.111301 1017.643005 537.899902	10.344 -35.795 -85.409
weapon_jm_grenade_frag	-1022.700439 45.742592 538.099426	-37.351 -54.154 -90.499
weapon_jm_grenade_health	1822.909546 1823.232788 264.350128	-0.100 0.000 -0.038
weapon_jm_grenade_health	-1816.982300 -1824.930664 264.409302	-0.064 0.000 -0.023
ent_jm_carepackage_spawn	-1761.673706 -1749.043823 264.358551	-0.029 -0.015 0.032
ent_jm_carepackage_spawn	1748.856567 -1757.039429 264.415710	-0.216 4.529 -0.104
ent_jm_carepackage_spawn	1749.926025 1756.866089 264.499786	-0.000 2.522 -0.000
ent_jm_carepackage_spawn	-1761.265503 1751.154419 264.427429	-0.001 0.000 -0.029
ent_jm_carepackage_spawn	-1676.131714 990.389526 247.364502	0.744 11.310 -12.514
ent_jm_carepackage_spawn	-1704.328735 170.033325 247.378296	0.046 9.568 -9.599
ent_jm_carepackage_spawn	-1672.003662 -414.597656 247.455536	0.498 10.292 -12.810
ent_jm_carepackage_spawn	-1542.337402 -1131.333252 247.415604	-0.127 8.941 -9.357
ent_jm_carepackage_spawn	-928.793762 -1470.392700 247.833359	0.057 8.725 6.339
ent_jm_carepackage_spawn	-283.941101 -1570.031982 247.435760	-0.110 8.629 -9.553
ent_jm_carepackage_spawn	484.267914 -1530.065552 247.819550	-0.011 8.654 2.928
ent_jm_carepackage_spawn	1136.636841 -1384.749878 247.694321	-0.073 8.751 -1.160
ent_jm_carepackage_spawn	1444.260742 -747.782349 247.970978	-0.368 10.578 9.381
ent_jm_carepackage_spawn	1635.715332 29.303417 247.611221	-0.005 9.352 -7.329
ent_jm_carepackage_spawn	1585.399536 770.368896 247.510132	-0.080 8.626 -8.436
ent_jm_carepackage_spawn	1240.346924 1356.514160 247.858719	-0.031 9.906 7.748
ent_jm_carepackage_spawn	390.905914 1583.862061 247.794922	0.007 15.604 -0.113
ent_jm_carepackage_spawn	-408.322876 1580.770386 247.826569	0.100 11.102 1.053
ent_jm_carepackage_spawn	-1070.203247 1458.364868 247.791183	0.161 8.968 9.855
ent_jm_carepackage_spawn	-464.452850 519.451233 247.364502	0.744 11.310 -12.514
ent_jm_carepackage_spawn	390.742920 475.580078 247.826981	-0.189 9.605 11.842
ent_jm_carepackage_spawn	608.781433 -462.088135 247.366364	0.107 9.166 -11.510
ent_jm_carepackage_spawn	-383.204620 -429.771210 247.926392	-0.278 10.547 6.428
ent_jm_carepackage_spawn	584.815308 -193.420837 248.027756	0.652 11.788 -9.106
ent_jm_carepackage_spawn	-394.911346 121.324875 247.434952	-0.145 8.750 -7.563
ent_jm_carepackage_spawn	432.696136 153.616852 247.403030	-0.150 8.856 -8.688
ent_jm_carepackage_spawn	-79.431267 -579.999878 247.456650	-0.148 8.609 -8.590
ent_jm_carepackage_spawn	254.020905 -454.674652 247.424591	-0.136 8.899 -8.153
ent_jm_carepackage_spawn	-118.759987 564.753235 247.764328	0.038 8.784 8.905
ent_jm_carepackage_spawn	250.252411 428.469116 247.667572	0.010 9.051 -4.265
ent_jm_carepackage_spawn	-454.601807 -177.537460 247.847122	-0.756 11.574 17.151
ent_jm_carepackage_spawn	-445.693512 1040.548706 384.334961	0.001 0.000 -0.000
ent_jm_carepackage_spawn	14.728855 1007.160156 384.455963	0.007 0.000 0.175
ent_jm_carepackage_spawn	-193.000275 888.471436 384.338074	-0.014 -0.016 0.022
ent_jm_carepackage_spawn	-204.391998 1167.030762 384.322021	0.001 0.000 -0.001
ent_jm_carepackage_spawn	139.710709 893.879578 384.334961	0.001 0.000 -0.000
ent_jm_carepackage_spawn	172.454651 1154.458740 384.364380	0.001 0.000 0.000
ent_jm_carepackage_spawn	331.740906 1105.635620 384.360229	0.001 0.000 0.000
ent_jm_carepackage_spawn	336.615051 977.387573 384.474243	-0.005 0.024 -0.091
ent_jm_carepackage_spawn	551.309326 1013.072083 384.437653	0.043 -0.000 0.043
ent_jm_carepackage_spawn	193.782745 1031.341431 632.344604	0.001 0.000 -0.000
ent_jm_carepackage_spawn	133.081604 1022.260803 504.452850	-0.000 -0.010 0.002
ent_jm_carepackage_spawn	132.868301 1036.407959 384.366425	0.001 0.000 0.000
ent_jm_carepackage_spawn	-254.344650 1016.608337 264.412659	0.008 0.000 0.007
ent_jm_carepackage_spawn	-161.194626 869.579529 264.364380	0.001 0.000 0.000
ent_jm_carepackage_spawn	-147.777603 1138.724121 264.424072	0.016 -0.000 0.015
ent_jm_carepackage_spawn	-79.013794 1024.033203 264.473419	-0.426 0.002 -0.427
ent_jm_carepackage_spawn	157.849121 883.575867 264.446136	0.080 -0.000 0.079
ent_jm_carepackage_spawn	263.192017 1026.685913 264.351501	0.001 0.000 -0.000
ent_jm_carepackage_spawn	166.012787 1170.654541 264.409943	0.007 0.000 0.006
ent_jm_carepackage_spawn	42.657673 1003.590576 264.396698	0.003 0.000 0.003
ent_jm_carepackage_spawn	1005.761414 553.182800 384.438721	0.046 -0.000 0.046
ent_jm_carepackage_spawn	920.149048 379.036072 384.414032	0.009 0.000 0.008
ent_jm_carepackage_spawn	1127.661377 349.749268 384.375610	-0.195 0.022 -0.009
ent_jm_carepackage_spawn	901.013916 199.048615 384.415344	0.009 -0.000 0.009
ent_jm_carepackage_spawn	908.761841 -43.040100 384.391907	0.003 0.000 0.002
ent_jm_carepackage_spawn	909.940613 -220.799545 384.425537	-0.006 -0.008 0.006
ent_jm_carepackage_spawn	990.214417 -482.470001 384.358093	0.001 0.000 0.000
ent_jm_carepackage_spawn	1148.251465 -115.281715 384.419189	0.012 -0.000 0.011
ent_jm_carepackage_spawn	1146.083862 -305.490570 384.351501	0.001 0.000 -0.000
ent_jm_carepackage_spawn	1146.003296 155.636261 384.396729	0.003 0.000 0.003
ent_jm_carepackage_spawn	1038.472412 349.754028 384.443207	-0.089 0.022 -0.004
ent_jm_carepackage_spawn	1034.239258 140.231415 632.344604	0.001 0.000 -0.000
ent_jm_carepackage_spawn	1029.112061 124.470779 504.353699	0.001 0.000 -0.000
ent_jm_carepackage_spawn	1027.653564 -271.755371 264.351501	0.001 0.000 -0.000
ent_jm_carepackage_spawn	1136.509888 -151.153015 264.386871	0.002 0.000 0.001
ent_jm_carepackage_spawn	925.608826 -138.138672 264.370361	0.001 0.000 0.000
ent_jm_carepackage_spawn	1023.715820 -123.011543 264.346954	0.001 0.000 -0.000
ent_jm_carepackage_spawn	1030.293213 40.190773 264.379822	0.002 0.000 0.001
ent_jm_carepackage_spawn	1142.666138 153.025116 264.390259	0.003 0.000 0.002
ent_jm_carepackage_spawn	1025.365601 255.671661 264.388580	0.002 0.000 0.002
ent_jm_carepackage_spawn	927.693909 154.678497 264.370361	0.001 0.000 0.000
ent_jm_carepackage_spawn	526.450745 -1030.652710 384.377991	0.002 0.000 0.001
ent_jm_carepackage_spawn	400.190125 -1042.005615 384.355927	0.001 0.000 -0.000
ent_jm_carepackage_spawn	306.023529 -1147.920654 384.393555	0.003 0.000 0.002
ent_jm_carepackage_spawn	305.741638 -897.156616 384.353729	0.001 0.000 -0.000
ent_jm_carepackage_spawn	119.227531 -913.513367 384.366425	0.001 0.000 0.000
ent_jm_carepackage_spawn	138.149765 -1146.646118 384.376129	0.002 0.000 0.001
ent_jm_carepackage_spawn	-86.515350 -1154.290894 384.415314	0.009 -0.000 0.008
ent_jm_carepackage_spawn	-336.909424 -1108.512695 384.353790	0.013 0.118 0.036
ent_jm_carepackage_spawn	-312.460205 -941.265808 384.358093	0.001 0.000 0.000
ent_jm_carepackage_spawn	-554.621338 -1010.943481 384.355927	0.001 0.000 -0.000
ent_jm_carepackage_spawn	-141.982513 -912.630737 384.405731	0.005 0.000 0.005
ent_jm_carepackage_spawn	-81.626839 -1020.397888 632.364319	0.001 0.000 0.000
ent_jm_carepackage_spawn	-131.000870 -1022.183472 504.363129	-0.034 0.001 0.034
ent_jm_carepackage_spawn	283.860870 -1046.189697 264.377991	0.002 0.000 0.001
ent_jm_carepackage_spawn	154.811081 -1148.441528 264.349243	0.001 0.000 -0.000
ent_jm_carepackage_spawn	149.717026 -922.372986 264.487122	-0.279 0.002 -0.280
ent_jm_carepackage_spawn	96.506119 -1024.873657 264.385132	-0.001 0.009 -0.004
ent_jm_carepackage_spawn	-146.706757 -1140.290405 264.339844	0.001 0.000 -0.000
ent_jm_carepackage_spawn	-250.945267 -1033.874756 264.412659	0.008 0.000 0.007
ent_jm_carepackage_spawn	-161.859253 -917.766357 264.344604	0.001 0.000 -0.000
ent_jm_carepackage_spawn	-47.759872 -1043.777344 264.379822	0.002 0.000 0.001
ent_jm_carepackage_spawn	-1027.221313 -568.955322 384.412689	0.008 0.000 0.007
ent_jm_carepackage_spawn	-1027.507080 -446.497742 384.360229	0.001 0.000 0.000
ent_jm_carepackage_spawn	-1149.084595 -308.757843 384.336426	-0.013 0.016 -0.025
ent_jm_carepackage_spawn	-895.792480 -248.695419 384.393555	0.003 0.000 0.002
ent_jm_carepackage_spawn	-1159.831909 -27.752888 384.372345	0.001 0.000 0.000
ent_jm_carepackage_spawn	-870.661682 11.642330 384.398285	0.004 0.000 0.003
ent_jm_carepackage_spawn	-1029.095581 -46.974751 384.338257	-0.013 0.008 -0.012
ent_jm_carepackage_spawn	-869.791809 190.144547 384.355927	0.001 0.000 -0.000
ent_jm_carepackage_spawn	-1178.566406 169.080933 384.383423	0.002 0.000 0.001
ent_jm_carepackage_spawn	-930.565857 366.365295 384.340027	0.008 -0.006 0.018
ent_jm_carepackage_spawn	-1114.123657 341.080414 384.397217	0.002 0.011 -0.002
ent_jm_carepackage_spawn	-1010.068237 547.717102 384.358093	0.001 0.000 0.000
ent_jm_carepackage_spawn	-1015.503723 313.626373 384.393524	0.003 0.000 0.002
ent_jm_carepackage_spawn	-1031.163818 139.314041 632.342224	0.001 0.000 -0.000
ent_jm_carepackage_spawn	-1020.676331 126.946770 504.351501	0.001 0.000 -0.000
ent_jm_carepackage_spawn	-930.745117 -271.156921 264.339111	-0.016 0.007 -0.011
ent_jm_carepackage_spawn	-1124.829224 -284.791687 264.368408	0.001 0.000 0.000
ent_jm_carepackage_spawn	-1148.377197 -114.736031 264.379822	0.002 0.000 0.001
ent_jm_carepackage_spawn	-890.966492 -107.327019 264.346954	0.001 0.000 -0.000
ent_jm_carepackage_spawn	-1036.852661 -102.979065 264.428741	0.022 -0.000 0.021
ent_jm_carepackage_spawn	-885.297668 161.944717 264.377991	0.002 0.000 0.001
ent_jm_carepackage_spawn	-1176.452637 166.337906 264.374237	0.002 0.000 0.001
ent_jm_carepackage_spawn	-1014.781555 295.487671 264.387451	0.172 0.019 -0.172
ent_jm_carepackage_spawn	-1047.880859 -1.710410 264.355927	0.001 0.000 -0.000
ent_jm_carepackage_spawn	10.158171 76.528961 266.955414	0.025 0.000 -0.045
ent_jm_carepackage_spawn	0.022778 -66.281410 267.072571	0.118 0.000 0.050
ent_jm_carepackage_spawn	-85.236053 10.526171 267.044678	-0.027 -0.000 -0.096
ent_jm_carepackage_spawn	72.760391 12.437742 266.973694	0.024 -0.023 -0.043
