# Trouble in Terrorist Town weapon/ammo placement overrides
# For map: ttt_digsite
# Exported by: Josh Mate
setting:	replacespawns 0
weapon_jm_secondary_heavy	798.331543 2079.199463 109.108688	2.213 -18.357 -83.856
weapon_jm_secondary_heavy	277.892578 2088.165039 109.128838	2.221 -18.438 -84.063
weapon_jm_secondary_heavy	662.668030 -865.184875 -218.887329	2.215 -18.398 -83.900
weapon_jm_secondary_heavy	638.597534 -868.436340 -218.818588	2.241 -18.493 -84.605
weapon_jm_secondary_heavy	510.026398 1049.248901 -594.849426	2.229 -18.490 -84.289
weapon_jm_secondary_heavy	487.853851 1049.547974 -594.875244	2.219 -18.440 -84.024
weapon_jm_grenade_tag	406.359955 -42.372734 -403.549744	-2.218 -1.361 -1.213
weapon_jm_grenade_tag	609.251831 -40.790344 -403.554443	-2.391 -1.323 -1.308
weapon_jm_grenade_tag	415.436523 -860.164063 -219.555435	-2.428 -1.323 -1.327
weapon_jm_grenade_tag	609.720703 -864.309082 -219.562790	-2.698 -1.246 -1.475
weapon_jm_grenade_tag	541.200378 1051.478149 -595.536804	-1.744 -1.459 -0.953
weapon_jm_grenade_tag	292.341644 2081.607666 108.460556	-1.852 -1.448 -1.012
weapon_jm_grenade_tag	731.773804 2078.743164 108.444855	-2.430 -1.323 -1.326
weapon_jm_grenade_jump	-126.823502 220.667938 -595.830750	-2.218 -1.361 -1.213
weapon_jm_grenade_jump	1153.530518 795.959045 44.450523	-2.218 -1.361 -1.213
weapon_jm_primary_smg	1141.062256 1249.338745 45.374737	0.310 6.176 -87.277
weapon_jm_primary_smg	1146.138672 1250.406616 -594.624939	0.290 6.175 -87.253
weapon_jm_grenade_glue	1147.368774 214.001556 -590.568909	-0.053 0.000 -0.030
weapon_jm_grenade_glue	-130.885330 224.108856 49.754047	-0.042 0.000 -0.024
weapon_jm_primary_lmg	512.792603 2071.690186 -562.191528	18.634 -0.124 2.992
weapon_jm_primary_rifle	-126.492744 -232.487747 45.144382	0.171 11.252 -87.231
weapon_jm_primary_rifle	-117.983589 -231.931793 -594.819336	0.121 11.254 -87.634
weapon_jm_secondary_light	779.262756 2077.590576 109.176292	-0.607 34.060 89.909
weapon_jm_secondary_light	259.190063 2075.764893 109.175858	-0.538 34.064 89.837
weapon_jm_secondary_light	379.572388 -861.533081 -218.857727	-0.555 30.939 90.263
weapon_jm_secondary_light	367.165253 -861.654114 -218.825394	-0.385 34.068 89.680
weapon_jm_secondary_light	635.440002 -42.980835 -402.822723	-0.809 34.051 90.118
weapon_jm_secondary_light	663.479797 -40.694515 -402.825409	-0.385 34.068 89.680
weapon_jm_secondary_auto	760.066833 2076.673340 109.388557	-0.476 25.640 90.893
weapon_jm_secondary_auto	236.004333 2084.991943 109.394089	-0.807 25.596 91.576
weapon_jm_secondary_auto	360.430450 -44.712273 -402.608917	-0.644 25.631 91.240
weapon_jm_secondary_auto	384.922577 -38.444714 -402.612793	-0.413 25.641 90.763
weapon_jm_primary_sniper	-231.451477 1149.816772 43.422737	3.299 14.727 64.894
weapon_jm_primary_sniper	-231.513824 1142.369751 -596.568420	3.542 13.220 65.167
weapon_jm_primary_shotgun	1259.957886 -126.455177 -594.275513	-0.493 -9.616 -88.929
weapon_jm_primary_shotgun	1256.553589 -123.670235 45.720718	-0.492 -9.617 -88.897
weapon_jm_grenade_frag	1152.861450 798.223511 -593.895203	-35.886 -56.599 -90.219
weapon_jm_grenade_frag	-128.538681 802.681885 46.401257	-36.118 -56.373 -90.574
weapon_jm_grenade_health	-128.065536 802.882568 -595.594727	-0.070 -0.000 -0.029
weapon_jm_grenade_health	1151.610962 221.264038 44.695786	-0.062 -0.000 -0.031
ent_jm_carepackage_spawn	511.094635 2048.151611 80.426079	-0.039 -0.061 0.136
ent_jm_carepackage_spawn	270.277283 1955.470825 72.362198	0.001 0.000 -0.000
ent_jm_carepackage_spawn	498.411560 1907.971924 72.409874	0.007 0.000 0.006
ent_jm_carepackage_spawn	763.932434 1970.150146 72.399719	0.004 0.000 0.003
ent_jm_carepackage_spawn	768.643433 1615.655151 72.353851	-0.011 -0.008 0.010
ent_jm_carepackage_spawn	593.770020 1642.648926 8.362201	0.001 0.000 -0.000
ent_jm_carepackage_spawn	404.608948 1611.002930 8.346833	0.001 0.000 -0.000
ent_jm_carepackage_spawn	254.725525 1602.865234 72.409874	0.007 0.000 0.006
ent_jm_carepackage_spawn	496.521179 1392.166626 8.381532	0.002 0.000 0.001
ent_jm_carepackage_spawn	517.042908 1134.085205 8.409599	0.007 0.000 0.005
ent_jm_carepackage_spawn	607.860413 1041.339233 8.430501	-0.360 0.001 -0.169
ent_jm_carepackage_spawn	417.967285 1041.291504 8.389854	-0.003 0.000 0.008
ent_jm_carepackage_spawn	299.935516 1184.848999 8.369890	0.002 0.000 -0.001
ent_jm_carepackage_spawn	682.596436 1160.190674 8.373764	0.002 0.000 -0.000
ent_jm_carepackage_spawn	853.352295 1172.500366 8.498939	-0.004 0.002 -0.006
ent_jm_carepackage_spawn	1017.077271 1157.523804 8.328251	0.010 -0.022 0.006
ent_jm_carepackage_spawn	1132.950195 1114.497925 8.369890	0.002 0.000 -0.001
ent_jm_carepackage_spawn	1172.314575 942.798340 8.336806	0.002 0.000 -0.001
ent_jm_carepackage_spawn	935.929199 908.958679 8.379726	0.002 0.000 0.001
ent_jm_carepackage_spawn	893.557068 550.751221 8.436653	-0.102 0.017 -0.009
ent_jm_carepackage_spawn	898.791382 127.906967 8.342136	0.001 0.000 -0.001
ent_jm_carepackage_spawn	545.759827 140.673325 8.402438	-0.025 -0.018 0.167
ent_jm_carepackage_spawn	149.560577 120.098221 8.339734	0.001 0.000 -0.001
ent_jm_carepackage_spawn	123.363068 497.095093 8.395106	-0.163 0.048 0.017
ent_jm_carepackage_spawn	163.816162 888.250671 8.349129	0.001 0.000 -0.000
ent_jm_carepackage_spawn	503.986176 882.903503 8.411581	0.024 0.020 0.080
ent_jm_carepackage_spawn	1136.721191 115.677704 8.373764	0.002 0.000 -0.000
ent_jm_carepackage_spawn	1101.327759 -120.458237 8.417566	0.011 -0.000 0.009
ent_jm_carepackage_spawn	933.186157 -130.166763 8.381173	0.003 0.000 0.000
ent_jm_carepackage_spawn	667.690491 -131.050232 8.383491	0.002 0.000 0.001
ent_jm_carepackage_spawn	103.800369 -112.863106 8.377523	0.002 0.000 -0.000
ent_jm_carepackage_spawn	341.742554 -146.108078 8.370481	0.001 0.000 0.001
ent_jm_carepackage_spawn	490.474792 -801.163269 -255.664932	0.001 0.000 -0.000
ent_jm_carepackage_spawn	662.249329 -802.287109 -255.639679	0.001 0.000 0.000
ent_jm_carepackage_spawn	377.569611 -807.258301 -255.613586	-0.016 0.014 -0.015
ent_jm_carepackage_spawn	354.899323 -180.452423 -439.587250	0.008 0.000 0.007
ent_jm_carepackage_spawn	503.878387 -214.572922 -439.579529	0.012 -0.000 0.012
ent_jm_carepackage_spawn	669.336304 -138.771530 -439.639679	0.001 0.000 0.000
ent_jm_carepackage_spawn	671.526184 -729.716980 -623.648376	0.001 0.000 -0.000
ent_jm_carepackage_spawn	518.094543 -661.057007 -623.646179	0.001 0.000 0.000
ent_jm_carepackage_spawn	392.485077 -758.892883 -623.646179	0.001 0.000 0.000
ent_jm_carepackage_spawn	409.965668 -422.334381 -631.617004	0.003 0.000 0.000
ent_jm_carepackage_spawn	612.499146 -410.053680 -631.618774	0.003 0.000 0.000
ent_jm_carepackage_spawn	492.477264 -353.123505 -631.655945	0.002 0.000 -0.001
ent_jm_carepackage_spawn	482.798462 -231.300064 -631.630066	0.002 0.000 -0.001
ent_jm_carepackage_spawn	336.968475 -130.434158 -631.597534	0.005 0.000 0.003
ent_jm_carepackage_spawn	156.474075 -92.609459 -631.670715	0.002 0.000 -0.002
ent_jm_carepackage_spawn	-67.488976 -104.072571 -631.634094	0.002 0.000 -0.001
ent_jm_carepackage_spawn	-84.364235 78.030663 -631.634094	0.002 0.000 -0.001
ent_jm_carepackage_spawn	870.693970 -121.384018 -631.619751	-0.008 -0.008 0.008
ent_jm_carepackage_spawn	1093.256470 -102.922813 -631.588989	0.007 0.000 0.006
ent_jm_carepackage_spawn	1140.277344 82.582970 -631.613525	0.003 0.000 0.001
ent_jm_carepackage_spawn	904.249939 117.168106 -631.639893	0.001 0.000 -0.000
ent_jm_carepackage_spawn	504.694336 124.322525 -631.555298	-0.017 -0.004 0.011
ent_jm_carepackage_spawn	166.065399 116.475945 -631.606506	0.003 0.000 0.002
ent_jm_carepackage_spawn	134.337112 461.496643 -631.611023	0.013 -0.021 0.001
ent_jm_carepackage_spawn	124.430786 848.923401 -631.631653	0.002 0.000 0.000
ent_jm_carepackage_spawn	495.093140 886.035583 -631.590637	-0.014 -0.054 0.148
ent_jm_carepackage_spawn	910.545166 887.617859 -631.623962	0.002 0.000 0.000
ent_jm_carepackage_spawn	869.749756 573.585632 -631.599792	-0.182 0.004 -0.022
ent_jm_carepackage_spawn	889.195618 1141.891235 -631.608459	0.003 0.000 0.001
ent_jm_carepackage_spawn	1116.466309 1108.517578 -631.660706	0.002 0.000 -0.001
ent_jm_carepackage_spawn	1150.501587 894.610107 -631.613525	0.003 0.000 0.001
ent_jm_carepackage_spawn	679.456238 1151.607788 -631.615234	0.003 0.000 0.000
ent_jm_carepackage_spawn	484.157166 1170.533691 -631.610107	0.003 0.000 0.001
ent_jm_carepackage_spawn	336.387421 1154.455200 -631.642395	0.002 0.000 -0.001
ent_jm_carepackage_spawn	160.515167 1150.798584 -631.640259	0.002 0.000 -0.001
ent_jm_carepackage_spawn	-28.057230 1140.889160 -631.638184	0.002 0.000 -0.001
ent_jm_carepackage_spawn	-107.451118 946.509888 -631.624329	0.002 0.000 -0.000
ent_jm_carepackage_spawn	517.904053 1341.082886 -631.631714	-0.014 0.017 -0.017
ent_jm_carepackage_spawn	513.596191 1551.954102 -631.655457	0.001 0.000 -0.001
ent_jm_carepackage_spawn	388.505432 1621.099854 -631.644165	0.001 0.000 -0.000
ent_jm_carepackage_spawn	251.744141 1708.350952 -567.639893	0.001 0.000 -0.000
ent_jm_carepackage_spawn	761.409668 1661.178223 -567.633667	0.001 0.000 0.000
ent_jm_carepackage_spawn	647.523376 1588.952393 -631.623962	0.002 0.000 0.000
ent_jm_carepackage_spawn	526.994751 1949.075439 -567.635681	0.001 0.000 -0.000
ent_jm_carepackage_spawn	351.450714 1938.954956 -567.663879	-0.013 -0.008 0.012
ent_jm_carepackage_spawn	661.804138 1966.982178 -567.629700	0.002 0.000 0.000
ent_jm_carepackage_spawn	792.341553 1839.136719 -567.623962	0.002 0.000 0.000
ent_jm_carepackage_spawn	225.440765 1815.073486 -567.620239	0.002 0.000 0.001
ent_jm_carepackage_spawn	-94.269249 -66.516052 8.420081	0.012 -0.000 0.011
ent_jm_carepackage_spawn	-128.867798 88.456741 8.361785	0.002 0.000 -0.001
ent_jm_carepackage_spawn	-140.876160 891.436890 8.406791	0.006 0.000 0.004
ent_jm_carepackage_spawn	-93.279678 1093.666992 8.331800	0.002 0.000 -0.002
ent_jm_carepackage_spawn	83.207870 1143.868530 8.371842	0.002 0.000 -0.000
ent_jm_carepackage_spawn	524.274597 -508.764160 -348.710815	-0.909 -2.658 -19.615
ent_jm_carepackage_spawn	514.483154 -355.958008 -403.567932	0.583 1.560 -19.704
ent_jm_carepackage_spawn	521.633667 -602.394531 -315.075165	0.428 1.214 -19.672
ent_jm_carepackage_spawn	298.089905 -678.374756 -209.240509	-10.702 21.466 25.233
ent_jm_carepackage_spawn	300.614685 -543.619141 -139.764771	-10.701 21.448 25.231
ent_jm_carepackage_spawn	305.100800 -381.677307 -56.252300	-10.700 21.470 25.235
ent_jm_carepackage_spawn	688.669006 -378.496155 -54.612019	-10.700 21.470 25.235
ent_jm_carepackage_spawn	665.994385 -586.227417 -161.736145	-10.707 21.456 25.228
ent_jm_carepackage_spawn	681.085510 -724.024292 -232.787277	-10.707 21.457 25.228
ent_jm_carepackage_spawn	710.407410 -369.944489 -494.059723	-5.262 11.124 25.122
ent_jm_carepackage_spawn	698.285217 -587.571167 -598.343994	-5.253 11.119 25.134
ent_jm_carepackage_spawn	339.802551 -345.651184 -482.435669	-5.227 11.097 25.162
ent_jm_carepackage_spawn	317.392151 -515.300720 -563.714417	-5.253 11.119 25.134
