# Trouble in Terrorist Town weapon/ammo placement overrides
# For map: ttt_cosmic
# Exported by: Josh Mate
setting:	replacespawns 0
weapon_jm_secondary_heavy	-891.704956 405.878418 349.144257	2.227 -18.490 -84.224
weapon_jm_secondary_heavy	-941.494690 407.144653 349.142609	2.226 -18.490 -84.207
weapon_jm_secondary_heavy	-408.555237 231.167953 1333.121826	2.219 -18.436 -84.004
weapon_jm_secondary_heavy	-410.314178 278.295776 1333.127563	2.221 -18.438 -84.063
weapon_jm_secondary_heavy	-411.162201 725.210693 1333.113770	2.215 -18.401 -83.922
weapon_jm_secondary_heavy	-411.747681 787.562134 1333.127563	2.221 -18.438 -84.063
weapon_jm_secondary_heavy	-424.392914 -2999.903564 749.142578	2.226 -18.490 -84.207
weapon_jm_secondary_heavy	-381.337891 -2998.982666 749.145874	2.227 -18.491 -84.240
weapon_jm_grenade_tag	-1120.680664 4.999373 604.450256	-2.218 -1.361 -1.213
weapon_jm_grenade_tag	-738.315125 527.616089 604.452087	-2.152 -1.401 -1.177
weapon_jm_grenade_tag	-248.608124 222.766006 604.465332	-1.667 -1.464 -0.911
weapon_jm_grenade_tag	-22.437021 823.890259 604.452942	-2.120 -1.402 -1.159
weapon_jm_grenade_tag	-188.873566 -2276.420654 604.465332	-1.667 -1.464 -0.911
weapon_jm_grenade_tag	-95.100037 -2180.287598 604.452942	-2.120 -1.402 -1.159
weapon_jm_grenade_tag	1491.901611 624.852539 748.452942	-2.120 -1.402 -1.159
weapon_jm_grenade_jump	-914.456116 408.168915 348.454651	-2.057 -1.402 -1.125
weapon_jm_grenade_jump	-403.576874 761.891785 1332.442627	-2.464 -1.325 -1.347
weapon_jm_grenade_jump	-408.684387 260.858978 1332.468262	-1.523 -1.475 -0.832
weapon_jm_grenade_jump	-535.354370 -3218.087158 612.438293	-2.657 -1.239 -1.453
weapon_jm_grenade_jump	-32.426220 513.009888 164.452057	-2.152 -1.401 -1.177
weapon_jm_primary_smg	317.116425 -103.619766 173.376114	0.252 6.166 -87.206
weapon_jm_primary_smg	-894.044189 1182.069214 173.374893	0.296 6.174 -87.260
weapon_jm_primary_smg	-1337.254272 -95.962044 173.374222	0.319 6.183 -87.289
weapon_jm_primary_smg	-1879.388184 -1877.905273 613.377075	0.265 5.297 -87.272
weapon_jm_primary_smg	-414.165344 35.150505 165.377350	0.208 4.684 -87.152
weapon_jm_grenade_glue	-852.566467 -243.362961 177.784760	-0.035 0.000 -0.005
weapon_jm_grenade_glue	840.120056 -1971.183960 617.767944	-0.035 0.000 -0.018
weapon_jm_grenade_glue	-1878.477661 -1898.243530 617.712097	-0.053 0.000 -0.030
weapon_jm_grenade_glue	-1377.927002 1000.824280 177.750992	-0.000 0.000 -0.048
weapon_jm_grenade_glue	-405.398651 -2999.724365 753.714478	-0.052 0.000 -0.030
weapon_jm_grenade_glue	-609.871704 28.652079 169.729950	-0.047 -0.000 0.027
weapon_jm_primary_lmg	-608.427246 67.327911 162.068146	18.576 1.321 2.480
weapon_jm_primary_rifle	324.403351 1122.343384 173.189056	0.109 11.254 -87.726
weapon_jm_primary_rifle	-1345.661011 996.643311 173.137314	0.181 11.252 -87.155
weapon_jm_primary_rifle	-149.475677 -384.769470 173.218109	0.070 11.194 -88.061
weapon_jm_primary_rifle	850.283569 -1960.490112 613.179932	0.122 11.254 -87.625
weapon_jm_primary_rifle	-412.797028 83.337860 165.144135	0.171 11.252 -87.231
weapon_jm_secondary_light	-26.190208 809.542908 605.175720	-0.563 34.062 89.863
weapon_jm_secondary_light	-24.935579 852.147461 605.175842	-0.580 34.062 89.881
weapon_jm_secondary_light	-238.795715 246.800766 605.177063	-0.773 34.052 90.080
weapon_jm_secondary_light	-268.348572 207.778000 605.175598	-0.546 34.063 89.846
weapon_jm_secondary_light	-1116.728638 -10.562367 605.177124	-0.785 34.052 90.093
weapon_jm_secondary_light	-1121.800415 28.937033 605.176208	-0.644 34.057 89.948
weapon_jm_secondary_light	-729.342712 565.884399 605.173767	0.127 33.780 89.550
weapon_jm_secondary_light	-729.651001 513.492432 605.175110	-0.469 34.066 89.767
weapon_jm_secondary_light	631.937012 -1827.718628 749.176270	-0.654 34.057 89.958
weapon_jm_secondary_light	634.168762 -1783.503052 749.176514	-0.685 34.056 89.989
weapon_jm_secondary_light	-1660.070068 -2005.467896 749.175537	-0.529 34.064 89.829
weapon_jm_secondary_light	-1662.327881 -2055.299316 749.176208	-0.644 34.057 89.948
weapon_jm_secondary_light	-612.168518 92.514824 165.176422	-0.674 34.057 89.979
weapon_jm_secondary_auto	-90.738747 -2202.689697 605.392334	-0.719 25.619 91.396
weapon_jm_secondary_auto	-97.915543 -2149.999512 605.388428	-0.485 25.640 90.911
weapon_jm_secondary_auto	-163.084488 -2273.195068 605.389221	-0.534 25.639 91.013
weapon_jm_secondary_auto	-212.483932 -2271.598145 605.390625	-0.617 25.634 91.184
weapon_jm_secondary_auto	-737.639221 -734.920288 613.391418	-0.665 25.630 91.284
weapon_jm_secondary_auto	-740.327576 -798.176575 613.391052	-0.644 25.631 91.240
weapon_jm_secondary_auto	1511.414307 627.298340 749.392090	-0.703 25.625 91.363
weapon_jm_secondary_auto	1467.161743 628.211365 749.393311	-0.779 25.609 91.519
weapon_jm_secondary_auto	-35.645897 481.884888 165.392197	-0.711 25.624 91.379
weapon_jm_secondary_auto	-32.485310 542.291382 165.393631	-0.797 25.608 91.557
weapon_jm_primary_sniper	1636.698975 845.202515 611.415100	3.580 13.235 65.072
weapon_jm_primary_sniper	-737.875488 -752.110657 611.492371	3.402 13.208 65.519
weapon_jm_primary_shotgun	-125.212463 1178.898438 173.825409	-0.428 -9.678 -90.081
weapon_jm_primary_shotgun	-849.418884 -262.149780 173.712250	-0.489 -9.617 -88.831
weapon_jm_primary_shotgun	-563.742065 -3214.344482 613.724487	-0.493 -9.616 -88.929
weapon_jm_grenade_frag	-99.147079 1184.512329 174.780502	6.682 -178.537 -98.090
weapon_jm_grenade_frag	-904.062744 1176.669678 174.412567	-36.294 -56.195 -90.848
weapon_jm_grenade_frag	-142.941177 -386.818970 175.071182	17.639 34.891 104.322
weapon_jm_grenade_frag	343.682343 1125.247192 174.372025	-35.675 -56.796 -89.899
weapon_jm_grenade_frag	627.750122 -1805.999390 750.423279	-36.458 -56.033 -91.103
weapon_jm_grenade_frag	-608.120178 51.480194 166.366180	-35.586 -56.872 -89.765
weapon_jm_grenade_health	339.817963 -101.155220 172.705322	-0.052 -0.000 -0.038
weapon_jm_grenade_health	1623.819824 847.216492 612.666870	-0.083 0.000 -0.032
weapon_jm_grenade_health	-737.009705 -779.848938 612.673035	-0.030 0.000 -0.076
weapon_jm_grenade_health	-1365.234131 -93.890938 172.650589	-0.094 0.000 -0.036
weapon_jm_grenade_health	-1655.560913 -2034.749268 748.689453	-0.067 -0.000 -0.029
ent_jm_carepackage_spawn	-350.758514 250.496597 1296.364380	0.001 0.000 0.000
ent_jm_carepackage_spawn	-258.065399 281.525696 1296.332397	0.001 0.000 -0.000
ent_jm_carepackage_spawn	-264.672577 409.619751 1296.386841	0.002 0.000 0.001
ent_jm_carepackage_spawn	-273.844666 544.846741 1296.337402	0.001 0.000 -0.000
ent_jm_carepackage_spawn	-259.249573 675.908386 1296.349243	0.001 0.000 -0.000
ent_jm_carepackage_spawn	-273.427979 770.484924 1296.401367	0.004 0.000 0.003
ent_jm_carepackage_spawn	-364.664337 762.997192 1296.391724	-0.009 -0.016 0.016
ent_jm_carepackage_spawn	-404.025116 414.732422 1296.322021	0.001 0.000 -0.001
ent_jm_carepackage_spawn	-390.982208 616.341614 1296.414063	0.008 0.000 0.008
ent_jm_carepackage_spawn	-367.745483 509.737366 1296.407104	0.006 0.000 0.005
ent_jm_carepackage_spawn	-605.194092 631.068420 1232.411255	0.007 0.000 0.007
ent_jm_carepackage_spawn	-625.172058 398.061035 1176.379761	0.002 0.000 0.001
ent_jm_carepackage_spawn	-380.294281 411.126099 1112.383423	0.002 0.000 0.001
ent_jm_carepackage_spawn	-391.867035 630.738037 1056.427979	-0.006 -0.017 0.011
ent_jm_carepackage_spawn	-630.881042 652.957886 992.372375	0.002 0.000 0.000
ent_jm_carepackage_spawn	-628.422058 390.121155 936.324646	0.001 0.000 -0.001
ent_jm_carepackage_spawn	-387.141571 395.846680 872.364380	0.001 0.000 0.000
ent_jm_carepackage_spawn	-405.542725 600.889099 816.386902	0.002 0.000 0.001
ent_jm_carepackage_spawn	-605.302673 622.846863 752.385132	0.002 0.000 0.001
ent_jm_carepackage_spawn	-610.970581 399.960968 696.362305	0.001 0.000 0.000
ent_jm_carepackage_spawn	-370.319061 391.727051 632.390259	0.003 0.000 0.002
ent_jm_carepackage_spawn	-383.752045 625.963135 576.396606	0.004 0.000 0.002
ent_jm_carepackage_spawn	-509.288177 515.124084 576.346802	0.001 0.000 -0.000
ent_jm_carepackage_spawn	-635.436523 518.743896 576.337280	0.001 0.000 -0.001
ent_jm_carepackage_spawn	-630.670349 396.541931 576.351379	0.001 0.000 -0.000
ent_jm_carepackage_spawn	-412.468231 384.939209 576.331421	0.008 0.006 -0.003
ent_jm_carepackage_spawn	-507.977234 636.864868 576.417847	0.011 -0.000 0.010
ent_jm_carepackage_spawn	-186.670013 896.869324 568.359680	0.002 0.000 -0.001
ent_jm_carepackage_spawn	-437.450256 833.224487 568.384705	0.003 0.000 0.000
ent_jm_carepackage_spawn	-681.553589 856.362854 568.359680	0.002 0.000 -0.001
ent_jm_carepackage_spawn	-919.537720 789.096924 568.377502	0.002 0.000 -0.000
ent_jm_carepackage_spawn	-855.536377 556.664856 568.343994	0.002 0.000 -0.001
ent_jm_carepackage_spawn	-705.267456 219.484787 568.399414	0.004 0.000 0.002
ent_jm_carepackage_spawn	-957.973572 61.065315 568.321289	0.002 0.000 -0.002
ent_jm_carepackage_spawn	-493.165527 194.798218 568.418823	0.011 -0.000 0.010
ent_jm_carepackage_spawn	-60.918068 130.497284 568.367859	0.002 0.000 -0.001
ent_jm_carepackage_spawn	-45.896927 264.040558 568.348633	0.002 0.000 -0.001
ent_jm_carepackage_spawn	-257.284912 479.296875 568.343994	0.002 0.000 -0.001
ent_jm_carepackage_spawn	-73.982491 523.389465 568.353149	0.002 0.000 -0.001
ent_jm_carepackage_spawn	-226.223587 692.721191 568.424927	0.017 -0.000 0.016
ent_jm_carepackage_spawn	-566.947266 82.472145 568.343994	0.002 0.000 -0.001
ent_jm_carepackage_spawn	-147.103149 246.091049 605.528809	-1.157 0.183 -0.213
ent_jm_carepackage_spawn	-196.989929 190.278519 604.835022	-1.114 0.183 -0.205
ent_jm_carepackage_spawn	-374.498962 104.817574 568.346375	0.002 0.000 -0.001
ent_jm_carepackage_spawn	-1097.707397 187.485657 312.334320	0.002 0.000 -0.002
ent_jm_carepackage_spawn	-1099.491821 549.198303 312.382965	0.003 0.000 0.000
ent_jm_carepackage_spawn	-1051.511353 849.151611 312.334320	0.002 0.000 -0.002
ent_jm_carepackage_spawn	-1067.829346 1062.710449 312.334320	0.002 0.000 -0.002
ent_jm_carepackage_spawn	-868.417480 1087.552734 312.426117	0.018 -0.000 0.016
ent_jm_carepackage_spawn	-154.268845 1085.312378 312.391479	0.003 0.000 0.001
ent_jm_carepackage_spawn	37.676338 1043.452881 312.377136	-0.008 0.017 -0.018
ent_jm_carepackage_spawn	36.186047 798.255310 312.344025	0.002 0.000 -0.001
ent_jm_carepackage_spawn	107.034744 531.255737 312.375671	0.002 0.000 -0.000
ent_jm_carepackage_spawn	44.450764 323.060577 312.336823	0.002 0.000 -0.001
ent_jm_carepackage_spawn	39.872841 167.620590 312.393127	0.004 0.000 0.001
ent_jm_carepackage_spawn	52.858536 -37.913254 312.375671	0.002 0.000 -0.000
ent_jm_carepackage_spawn	-151.500427 -65.974998 312.334320	0.002 0.000 -0.002
ent_jm_carepackage_spawn	-359.332642 -67.962852 312.430359	0.003 -0.011 0.002
ent_jm_carepackage_spawn	-644.652832 -52.964378 312.348877	-0.015 0.017 -0.019
ent_jm_carepackage_spawn	-792.180725 -58.973515 312.355377	0.002 0.000 -0.001
ent_jm_carepackage_spawn	-972.476501 -83.881378 568.371826	0.002 0.000 -0.000
ent_jm_carepackage_spawn	-1057.351440 82.791428 568.486267	-0.419 -0.003 -0.419
ent_jm_carepackage_spawn	-808.258850 128.569504 568.391479	0.003 0.000 0.001
ent_jm_carepackage_spawn	-168.812592 601.978088 568.343994	0.002 0.000 -0.001
ent_jm_carepackage_spawn	-875.271484 457.250580 568.334290	0.002 0.000 -0.002
ent_jm_carepackage_spawn	-430.155304 912.048706 568.348633	0.002 0.000 -0.001
ent_jm_carepackage_spawn	-520.585449 -69.985687 568.397949	0.004 0.000 0.002
ent_jm_carepackage_spawn	-518.161072 -170.562256 568.346558	0.002 0.000 -0.001
ent_jm_carepackage_spawn	-511.564941 -351.400787 568.369995	0.002 0.000 -0.000
ent_jm_carepackage_spawn	-505.848846 -464.044647 568.339417	0.002 0.000 -0.001
ent_jm_carepackage_spawn	-690.727661 -587.769043 568.373718	0.002 0.000 -0.000
ent_jm_carepackage_spawn	-592.233643 -557.807495 568.353149	0.002 0.000 -0.001
ent_jm_carepackage_spawn	-386.942993 -553.001892 568.388123	0.003 0.000 0.001
ent_jm_carepackage_spawn	-322.115234 -718.547546 568.353149	0.002 0.000 -0.001
ent_jm_carepackage_spawn	-334.208374 -933.041809 568.386414	0.003 0.000 0.001
ent_jm_carepackage_spawn	-701.611206 -973.798401 568.400940	0.005 0.000 0.003
ent_jm_carepackage_spawn	-564.953003 -974.396790 568.393127	0.004 0.000 0.001
ent_jm_carepackage_spawn	-455.602386 -831.180420 576.421570	0.014 -0.000 0.013
ent_jm_carepackage_spawn	-461.684418 -699.047119 576.364258	0.001 0.000 -0.000
ent_jm_carepackage_spawn	-666.788879 -842.884460 576.355835	0.001 0.000 -0.000
ent_jm_carepackage_spawn	-661.716309 -699.557068 576.370300	0.002 0.000 0.000
ent_jm_carepackage_spawn	-506.601715 -1090.393677 568.393250	0.003 0.000 0.002
ent_jm_carepackage_spawn	-507.594635 -1201.093262 568.366028	0.002 0.000 -0.000
ent_jm_carepackage_spawn	-505.340698 -1368.660278 568.361938	0.002 0.000 -0.001
ent_jm_carepackage_spawn	-502.398376 -1458.678711 568.331970	0.002 0.000 -0.001
ent_jm_carepackage_spawn	-541.093262 -1612.926636 568.375610	0.002 0.000 -0.000
ent_jm_carepackage_spawn	-352.163177 -1620.748779 568.363831	0.002 0.000 -0.001
ent_jm_carepackage_spawn	-286.707672 -1755.722778 568.379333	0.003 0.000 0.000
ent_jm_carepackage_spawn	-164.008942 -1731.197266 568.400940	0.005 0.000 0.003
ent_jm_carepackage_spawn	-170.133331 -1996.680298 568.410950	0.008 0.000 0.006
ent_jm_carepackage_spawn	-204.837311 -2175.614990 568.343994	0.002 0.000 -0.001
ent_jm_carepackage_spawn	-381.549316 -2212.620850 568.343994	0.002 0.000 -0.001
ent_jm_carepackage_spawn	-464.962738 -2214.869141 568.373718	0.002 0.000 -0.000
ent_jm_carepackage_spawn	-590.272095 -2124.969727 568.339233	0.002 0.000 -0.001
ent_jm_carepackage_spawn	-742.195923 -2085.924561 568.443604	0.064 -0.000 0.063
ent_jm_carepackage_spawn	-825.167725 -2052.968262 568.406738	0.006 0.000 0.004
ent_jm_carepackage_spawn	-870.462280 -1943.688843 568.353149	0.002 0.000 -0.001
ent_jm_carepackage_spawn	-826.049438 -1781.243774 568.420044	0.012 -0.000 0.011
ent_jm_carepackage_spawn	-692.336914 -1911.884644 568.353149	0.002 0.000 -0.001
ent_jm_carepackage_spawn	-675.902649 -1745.833496 568.334290	0.002 0.000 -0.002
ent_jm_carepackage_spawn	-551.567749 -1704.075806 568.371826	0.002 0.000 -0.000
ent_jm_carepackage_spawn	-265.908508 -1873.920288 568.363831	0.002 0.000 -0.001
ent_jm_carepackage_spawn	-435.100250 -2104.977295 568.318604	0.002 0.000 -0.002
ent_jm_carepackage_spawn	-523.150208 -2354.731445 568.348816	0.002 0.000 -0.001
ent_jm_carepackage_spawn	-515.860107 -2449.905762 568.453552	0.135 -0.000 0.134
ent_jm_carepackage_spawn	-524.201721 -2632.392334 568.331970	0.002 0.000 -0.001
ent_jm_carepackage_spawn	-544.152405 -2743.420166 568.426208	0.019 -0.000 0.017
ent_jm_carepackage_spawn	-287.028290 -3111.630615 568.355347	0.002 0.000 -0.001
ent_jm_carepackage_spawn	-290.337769 -2995.101807 568.382935	0.003 0.000 0.000
ent_jm_carepackage_spawn	-278.199280 -2878.573242 568.348633	0.002 0.000 -0.001
ent_jm_carepackage_spawn	-405.638031 -2864.444092 568.377502	0.002 0.000 -0.000
ent_jm_carepackage_spawn	-528.017334 -2891.080811 568.379333	0.003 0.000 0.000
ent_jm_carepackage_spawn	-639.158081 -2885.975098 568.450134	0.106 -0.000 0.105
ent_jm_carepackage_spawn	-701.985291 -2865.921143 568.357544	0.002 0.000 -0.001
ent_jm_carepackage_spawn	-734.828430 -2960.832764 568.435120	0.034 -0.000 0.033
ent_jm_carepackage_spawn	-736.055847 -3060.642822 568.379333	0.003 0.000 0.000
ent_jm_carepackage_spawn	-728.483643 -3166.709717 568.381165	0.003 0.000 0.000
ent_jm_carepackage_spawn	-740.796997 -3251.476807 568.429565	0.023 -0.000 0.021
ent_jm_carepackage_spawn	-384.155884 -3163.507568 576.355530	0.002 0.000 -0.001
ent_jm_carepackage_spawn	-477.857697 -3147.234375 576.355530	0.002 0.000 -0.001
ent_jm_carepackage_spawn	-471.487457 -3023.537842 576.351135	0.002 0.000 -0.001
ent_jm_carepackage_spawn	-569.181274 -3027.271973 576.383118	0.003 0.000 0.000
ent_jm_carepackage_spawn	-622.927551 -3139.553467 576.331970	0.002 0.000 -0.001
ent_jm_carepackage_spawn	-630.422852 -3286.347900 576.366028	0.002 0.000 -0.000
ent_jm_carepackage_spawn	-410.510071 -3284.062256 576.353333	0.002 0.000 -0.001
ent_jm_carepackage_spawn	-631.907410 -3258.465820 712.391235	0.007 0.009 -0.002
ent_jm_carepackage_spawn	-620.665771 -3100.602295 712.405518	0.006 0.000 0.004
ent_jm_carepackage_spawn	-477.161346 -3036.606934 712.377686	0.002 0.000 0.000
ent_jm_carepackage_spawn	-397.455048 -3122.609375 712.381348	0.002 0.000 0.000
ent_jm_carepackage_spawn	-536.045898 -3207.275391 712.381348	0.002 0.000 0.000
ent_jm_carepackage_spawn	-510.870728 -3136.006836 720.411255	0.007 0.000 0.006
ent_jm_carepackage_spawn	-133.341034 -1871.113403 568.381165	0.003 0.000 0.000
ent_jm_carepackage_spawn	-7.670123 -1909.091553 568.402527	0.005 0.000 0.003
ent_jm_carepackage_spawn	90.719772 -1903.478516 568.346558	0.002 0.000 -0.001
ent_jm_carepackage_spawn	250.245193 -1915.718140 568.388184	-0.010 0.005 -0.013
ent_jm_carepackage_spawn	360.475067 -1908.902832 568.377625	0.002 0.000 0.000
ent_jm_carepackage_spawn	517.317017 -1782.469727 568.375610	0.002 0.000 -0.000
ent_jm_carepackage_spawn	501.192139 -1911.883423 568.375610	0.002 0.000 -0.000
ent_jm_carepackage_spawn	512.779358 -2015.984375 568.359680	0.002 0.000 -0.001
ent_jm_carepackage_spawn	528.732788 -2092.489990 568.351379	-0.010 0.010 -0.012
ent_jm_carepackage_spawn	630.391052 -2127.523926 568.470154	0.129 -0.000 0.014
ent_jm_carepackage_spawn	756.237793 -2127.569092 568.446167	-0.218 0.074 -0.042
ent_jm_carepackage_spawn	900.955994 -2154.810791 568.375610	0.002 0.000 -0.000
ent_jm_carepackage_spawn	519.200195 -1689.963135 568.412292	0.008 0.000 0.006
ent_jm_carepackage_spawn	631.930908 -1700.191406 568.353149	0.002 0.000 -0.001
ent_jm_carepackage_spawn	728.346130 -1699.310059 568.361755	0.002 0.000 -0.001
ent_jm_carepackage_spawn	788.360596 -2038.568970 576.391602	0.003 0.000 0.001
ent_jm_carepackage_spawn	747.992065 -1919.644775 576.316223	-0.015 0.016 -0.024
ent_jm_carepackage_spawn	607.022522 -1987.834473 576.331970	0.002 0.000 -0.001
ent_jm_carepackage_spawn	803.565002 -1836.302246 576.331970	0.002 0.000 -0.001
ent_jm_carepackage_spawn	620.984985 -1886.096558 576.372009	0.002 0.000 -0.000
ent_jm_carepackage_spawn	920.753784 -2059.346436 576.379517	0.002 0.000 0.000
ent_jm_carepackage_spawn	922.968506 -1820.130493 576.336975	0.002 0.000 -0.001
ent_jm_carepackage_spawn	904.680115 -2036.059082 712.339478	0.002 0.000 -0.001
ent_jm_carepackage_spawn	813.491699 -2021.064331 712.404053	0.005 0.000 0.004
ent_jm_carepackage_spawn	848.382202 -1924.281982 712.416443	0.010 -0.000 0.008
ent_jm_carepackage_spawn	758.180420 -1788.512939 712.383118	0.003 0.000 0.000
ent_jm_carepackage_spawn	680.329346 -1881.631836 712.373962	0.002 0.000 -0.000
ent_jm_carepackage_spawn	727.244202 -2031.593140 712.359863	0.002 0.000 -0.001
ent_jm_carepackage_spawn	767.005310 -1922.945313 720.353638	0.001 0.000 -0.000
ent_jm_carepackage_spawn	-997.065918 -1926.351929 568.344177	0.002 0.000 -0.001
ent_jm_carepackage_spawn	-1093.407715 -1910.375000 568.364014	0.002 0.000 -0.001
ent_jm_carepackage_spawn	-1335.881470 -1930.536621 568.383667	-0.008 -0.008 0.008
ent_jm_carepackage_spawn	-1411.749146 -1916.664429 568.391602	0.003 0.000 0.001
ent_jm_carepackage_spawn	-1552.668091 -1720.630127 568.362061	-0.009 -0.017 0.020
ent_jm_carepackage_spawn	-1532.983887 -1862.010620 568.396301	0.004 0.000 0.002
ent_jm_carepackage_spawn	-1556.988403 -1995.609985 568.420044	0.013 -0.000 0.011
ent_jm_carepackage_spawn	-1505.341675 -2066.457764 568.367859	0.002 0.000 -0.001
ent_jm_carepackage_spawn	-1726.105103 -2148.378174 568.357544	0.002 0.000 -0.001
ent_jm_carepackage_spawn	-1696.244751 -1688.198975 568.326599	0.002 0.000 -0.002
ent_jm_carepackage_spawn	-1881.576538 -1695.470825 568.417542	0.011 -0.000 0.009
ent_jm_carepackage_spawn	-1653.052002 -1918.773315 576.372009	0.002 0.000 -0.000
ent_jm_carepackage_spawn	-1798.527466 -2036.646484 576.368042	0.002 0.000 -0.000
ent_jm_carepackage_spawn	-1761.294678 -1909.425171 576.386597	0.003 0.000 0.001
ent_jm_carepackage_spawn	-1731.420044 -1795.479492 576.341858	0.002 0.000 -0.001
ent_jm_carepackage_spawn	-1941.438965 -1780.922119 576.366333	-0.011 -0.016 0.019
ent_jm_carepackage_spawn	-1819.367554 -1799.394165 576.375793	0.002 0.000 -0.000
ent_jm_carepackage_spawn	-1942.539673 -2010.954224 576.348816	0.002 0.000 -0.001
ent_jm_carepackage_spawn	-1909.253052 -1779.513062 712.397278	-0.002 -0.015 0.168
ent_jm_carepackage_spawn	-1784.545532 -1780.263428 712.348877	0.002 0.000 -0.001
ent_jm_carepackage_spawn	-1729.653442 -1844.548096 712.366089	0.002 0.000 -0.000
ent_jm_carepackage_spawn	-1829.796631 -1848.312622 712.379517	0.002 0.000 0.000
ent_jm_carepackage_spawn	-1853.020996 -1966.389771 712.447693	-0.176 -0.048 -0.000
ent_jm_carepackage_spawn	-1777.397095 -2036.590332 712.489258	0.041 1.477 0.017
ent_jm_carepackage_spawn	-1744.674072 -2018.432251 712.416687	-0.006 8.834 -0.286
ent_jm_carepackage_spawn	-1791.320557 -1917.465454 720.334839	0.001 0.000 -0.001
ent_jm_carepackage_spawn	62.598930 519.247559 568.346558	0.002 0.000 -0.001
ent_jm_carepackage_spawn	148.012848 516.049194 568.391602	0.003 0.000 0.001
ent_jm_carepackage_spawn	332.462891 526.632996 568.436646	-0.010 0.011 -0.008
ent_jm_carepackage_spawn	486.252930 520.317749 568.334473	0.002 0.000 -0.001
ent_jm_carepackage_spawn	614.472839 516.606262 568.334473	0.002 0.000 -0.001
ent_jm_carepackage_spawn	851.169189 528.507324 568.350403	-0.023 0.011 -0.019
ent_jm_carepackage_spawn	965.773987 520.787537 568.329407	0.002 0.000 -0.001
ent_jm_carepackage_spawn	1235.287720 795.159302 568.381165	0.003 0.000 0.000
ent_jm_carepackage_spawn	1366.961914 792.631897 568.331787	0.002 0.000 -0.002
ent_jm_carepackage_spawn	1250.095093 663.088562 568.356995	-0.039 0.012 -0.015
ent_jm_carepackage_spawn	1117.859009 510.717316 568.391479	0.003 0.000 0.001
ent_jm_carepackage_spawn	1281.276611 400.616852 568.365906	0.002 0.000 -0.001
ent_jm_carepackage_spawn	1406.683716 276.685699 568.388123	0.003 0.000 0.001
ent_jm_carepackage_spawn	1360.174438 118.578339 568.363831	0.002 0.000 -0.001
ent_jm_carepackage_spawn	1114.532593 98.287109 568.442627	0.060 -0.000 0.059
ent_jm_carepackage_spawn	1260.636597 290.477081 605.015686	0.204 0.179 -1.110
ent_jm_carepackage_spawn	1300.040894 249.601135 605.576660	0.215 0.178 -1.169
ent_jm_carepackage_spawn	1558.668945 372.644745 568.334290	0.002 0.000 -0.002
ent_jm_carepackage_spawn	1573.066406 273.989594 568.371826	0.002 0.000 -0.000
ent_jm_carepackage_spawn	1682.714966 276.623505 568.409546	0.007 0.000 0.005
ent_jm_carepackage_spawn	1375.832642 480.677979 568.341614	0.002 0.000 -0.001
ent_jm_carepackage_spawn	1462.827026 454.745392 568.394714	0.004 0.000 0.002
ent_jm_carepackage_spawn	1599.131958 686.678894 576.420166	0.013 -0.000 0.011
ent_jm_carepackage_spawn	1483.546875 817.675903 576.326843	0.002 0.000 -0.001
ent_jm_carepackage_spawn	1650.827515 746.750427 576.383118	0.003 0.000 0.000
ent_jm_carepackage_spawn	1700.413574 641.836975 576.344299	-0.015 0.017 -0.020
ent_jm_carepackage_spawn	1736.832520 797.601624 576.386597	0.003 0.000 0.001
ent_jm_carepackage_spawn	1747.113770 912.717285 576.415100	0.009 0.000 0.008
ent_jm_carepackage_spawn	1515.508423 905.901245 576.339417	0.002 0.000 -0.001
ent_jm_carepackage_spawn	1708.241089 809.926453 712.442139	-0.010 0.011 -0.007
ent_jm_carepackage_spawn	1690.071899 686.518799 712.357727	0.002 0.000 -0.001
ent_jm_carepackage_spawn	1601.310791 836.004761 712.334534	0.002 0.000 -0.001
ent_jm_carepackage_spawn	1477.143555 799.429260 712.351135	0.002 0.000 -0.001
ent_jm_carepackage_spawn	1510.838379 745.460754 712.375854	0.002 0.000 -0.000
ent_jm_carepackage_spawn	1598.474487 652.551636 712.394226	-0.016 -0.000 0.027
ent_jm_carepackage_spawn	1601.493774 762.620361 720.388489	0.003 0.000 0.001
ent_jm_carepackage_spawn	1673.454712 825.285156 832.347046	0.001 0.000 -0.000
ent_jm_carepackage_spawn	1525.734497 702.050232 832.398315	0.004 0.000 0.003
ent_jm_carepackage_spawn	849.582520 -2000.332153 832.347046	0.001 0.000 -0.000
ent_jm_carepackage_spawn	714.919983 -1853.124023 832.358154	0.001 0.000 0.000
ent_jm_carepackage_spawn	-607.555359 -3222.283203 832.349304	0.001 0.000 -0.000
ent_jm_carepackage_spawn	-440.307709 -3045.653076 832.398315	0.004 0.000 0.003
ent_jm_carepackage_spawn	-1734.816406 -2006.346924 832.356018	0.001 0.000 0.000
ent_jm_carepackage_spawn	-1871.793457 -1857.145508 832.390320	0.003 0.000 0.002
ent_jm_carepackage_spawn	-883.086853 714.479614 568.331787	0.002 0.000 -0.002
ent_jm_carepackage_spawn	-599.572327 918.155090 568.413635	0.008 0.000 0.007
ent_jm_carepackage_spawn	-249.603195 821.285339 568.348633	0.002 0.000 -0.001
ent_jm_carepackage_spawn	-129.997009 353.565887 632.702637	-0.006 0.000 0.007
ent_jm_carepackage_spawn	-397.426056 235.571579 568.412292	0.008 0.000 0.006
ent_jm_carepackage_spawn	48.497574 -1605.551758 568.388245	0.003 0.000 0.001
ent_jm_carepackage_spawn	-68.410088 -1612.869263 568.421265	0.004 -0.016 0.134
ent_jm_carepackage_spawn	48.911667 -1454.317139 534.716248	-2.201 -5.066 -22.327
ent_jm_carepackage_spawn	64.545433 -1286.261597 465.222321	-2.193 -5.063 -22.330
ent_jm_carepackage_spawn	31.959326 -1153.580933 410.373260	-2.158 -5.087 -22.348
ent_jm_carepackage_spawn	58.476379 -955.060730 328.263855	-2.185 -5.069 -22.334
ent_jm_carepackage_spawn	62.920685 -780.216980 255.963425	-2.179 -5.073 -22.337
ent_jm_carepackage_spawn	58.337307 -606.481567 184.112762	-2.189 -5.066 -22.333
ent_jm_carepackage_spawn	-33.692471 -293.719208 128.402435	0.005 0.000 0.003
ent_jm_carepackage_spawn	161.623856 -301.522919 128.350937	0.002 0.000 -0.001
ent_jm_carepackage_spawn	352.899963 -213.990082 128.394745	0.004 0.000 0.002
ent_jm_carepackage_spawn	407.519592 53.675797 136.381531	0.002 0.000 0.001
ent_jm_carepackage_spawn	338.322937 191.711868 136.377899	0.002 0.000 0.001
ent_jm_carepackage_spawn	294.987946 642.022461 128.500000	0.317 0.094 0.315
ent_jm_carepackage_spawn	396.511597 373.760437 128.410980	0.008 0.000 0.006
ent_jm_carepackage_spawn	261.700653 834.218811 136.327179	0.001 0.000 -0.001
ent_jm_carepackage_spawn	381.312927 942.199036 136.425186	0.017 -0.000 0.016
ent_jm_carepackage_spawn	347.390533 1327.659912 128.388153	0.003 0.000 0.001
ent_jm_carepackage_spawn	164.349808 1228.624634 128.373764	0.002 0.000 -0.000
ent_jm_carepackage_spawn	212.596939 1402.052002 128.357544	0.002 0.000 -0.001
ent_jm_carepackage_spawn	-84.253433 1408.161255 136.381531	0.002 0.000 0.001
ent_jm_carepackage_spawn	-219.763870 1255.956543 136.357986	0.001 0.000 -0.000
ent_jm_carepackage_spawn	-847.358948 1262.125854 136.424911	-0.010 -0.001 0.011
ent_jm_carepackage_spawn	-805.195190 1409.464355 136.334824	0.001 0.000 -0.001
ent_jm_carepackage_spawn	-912.051086 1396.487427 136.353622	0.001 0.000 -0.000
ent_jm_carepackage_spawn	-1007.590881 1300.599731 136.383316	0.002 0.000 0.001
ent_jm_carepackage_spawn	-1209.602783 1337.737671 128.416275	0.010 0.000 0.008
ent_jm_carepackage_spawn	-1334.985107 1360.926270 128.348679	0.002 0.000 -0.001
ent_jm_carepackage_spawn	-1437.792847 1244.407837 128.408203	0.006 0.000 0.004
ent_jm_carepackage_spawn	-1298.075195 1100.905396 128.350937	0.002 0.000 -0.001
ent_jm_carepackage_spawn	-1275.129028 897.201843 136.415253	0.009 -0.000 0.008
ent_jm_carepackage_spawn	-1378.094727 934.105591 136.381546	0.002 0.000 0.001
ent_jm_carepackage_spawn	-1289.103027 723.389221 136.332291	-0.017 0.017 -0.021
ent_jm_carepackage_spawn	-1390.611450 761.731262 136.388489	0.003 0.000 0.001
ent_jm_carepackage_spawn	-1199.487549 513.966980 128.393127	0.004 0.000 0.001
ent_jm_carepackage_spawn	-1304.919434 504.453735 128.422546	0.015 -0.000 0.013
ent_jm_carepackage_spawn	-1475.069702 515.685181 128.324005	0.002 0.000 -0.002
ent_jm_carepackage_spawn	-1385.528320 434.896057 128.442612	0.060 -0.000 0.059
ent_jm_carepackage_spawn	-1179.288940 324.608032 128.391495	0.003 0.000 0.001
ent_jm_carepackage_spawn	-1361.211304 139.485397 136.351395	0.001 0.000 -0.000
ent_jm_carepackage_spawn	-1236.802002 118.976433 136.360107	0.001 0.000 -0.000
ent_jm_carepackage_spawn	-1406.335571 21.433052 136.349136	0.001 0.000 -0.000
ent_jm_carepackage_spawn	-1284.002808 7.161530 136.376038	0.002 0.000 0.000
ent_jm_carepackage_spawn	-1276.873901 -233.067093 128.363861	0.002 0.000 -0.001
ent_jm_carepackage_spawn	-1446.273193 -260.125061 128.409592	0.007 0.000 0.005
ent_jm_carepackage_spawn	-1231.540039 -385.415985 128.359680	0.002 0.000 -0.001
ent_jm_carepackage_spawn	-951.388000 -361.117615 128.371841	0.002 0.000 -0.000
ent_jm_carepackage_spawn	-1007.229187 -187.547577 128.413651	0.008 0.000 0.007
ent_jm_carepackage_spawn	-704.170288 -436.334106 128.346375	0.002 0.000 -0.001
ent_jm_carepackage_spawn	-589.117126 -259.861267 136.402740	0.005 0.000 0.004
ent_jm_carepackage_spawn	-780.047485 -186.103241 136.364273	0.001 0.000 -0.000
ent_jm_carepackage_spawn	-760.412415 -352.193512 136.391830	0.003 0.000 0.002
ent_jm_carepackage_spawn	-629.683350 -190.370468 136.395065	0.003 0.000 0.002
ent_jm_carepackage_spawn	-438.217590 -421.387054 136.324539	0.001 0.000 -0.001
ent_jm_carepackage_spawn	-299.203918 -461.917297 136.377899	0.002 0.000 0.001
ent_jm_carepackage_spawn	-210.849716 -381.331177 136.370285	0.002 0.000 0.000
ent_jm_carepackage_spawn	-312.617798 -299.340210 136.368317	0.002 0.000 0.000
ent_jm_carepackage_spawn	-412.522156 -193.697433 128.452194	-0.004 -0.016 0.006
ent_jm_carepackage_spawn	-202.754440 -175.412918 128.344040	0.002 0.000 -0.001
ent_jm_carepackage_spawn	-30.720074 -175.433990 128.331802	0.002 0.000 -0.002
ent_jm_carepackage_spawn	111.351509 -385.548676 128.326645	0.002 0.000 -0.002
ent_jm_carepackage_spawn	271.403442 -432.980408 128.321335	0.002 0.000 -0.002
ent_jm_carepackage_spawn	248.182266 -178.297012 128.418839	0.012 -0.000 0.010
ent_jm_carepackage_spawn	386.367828 -288.456635 128.379364	0.003 0.000 -0.000
ent_jm_carepackage_spawn	250.278839 87.870148 136.393448	0.003 0.000 0.002
ent_jm_carepackage_spawn	-293.405151 1480.642944 128.379364	0.003 0.000 -0.000
ent_jm_carepackage_spawn	-489.504211 1505.043701 128.348984	-0.010 -0.015 0.023
ent_jm_carepackage_spawn	-713.024719 1497.285522 128.427383	-0.005 -0.055 0.115
ent_jm_carepackage_spawn	-745.737366 1294.623535 128.375656	0.002 0.000 -0.000
ent_jm_carepackage_spawn	-288.586487 1273.623291 128.359680	0.002 0.000 -0.001
ent_jm_carepackage_spawn	-123.609703 840.561340 101.005501	-0.154 0.531 0.091
ent_jm_carepackage_spawn	-216.104599 832.826233 103.976318	-0.034 0.427 0.054
ent_jm_carepackage_spawn	-450.536743 801.133240 100.590073	0.060 0.585 0.158
ent_jm_carepackage_spawn	-608.211731 810.993774 103.768646	-0.208 0.129 0.151
ent_jm_carepackage_spawn	-872.462708 874.882202 104.049683	0.206 0.581 0.280
ent_jm_carepackage_spawn	-639.562439 492.342072 104.878250	0.121 0.580 -0.146
ent_jm_carepackage_spawn	-442.454468 546.309387 101.001518	0.287 0.369 0.142
ent_jm_carepackage_spawn	-103.009300 214.753357 101.695328	0.140 0.153 -0.181
ent_jm_carepackage_spawn	-333.944397 210.409790 102.676064	0.056 0.486 0.003
ent_jm_carepackage_spawn	-775.141846 178.826721 104.742355	0.145 0.547 0.095
ent_jm_carepackage_spawn	-941.743652 175.528397 101.800179	0.274 -0.016 -0.171
ent_jm_carepackage_spawn	-577.758057 369.478027 105.223778	-0.176 0.569 -0.242
ent_jm_carepackage_spawn	-112.244621 554.500488 128.326645	0.002 0.000 -0.002
ent_jm_carepackage_spawn	-119.399033 449.400818 128.373764	0.002 0.000 -0.000
ent_jm_carepackage_spawn	-224.469131 499.697876 137.789200	15.872 -1.545 -0.369
ent_jm_carepackage_spawn	-351.042145 536.623535 174.193848	15.909 -1.544 -0.382
ent_jm_carepackage_spawn	-456.819458 541.088928 204.580139	15.849 -1.544 -0.359
ent_jm_carepackage_spawn	-590.100342 531.932922 242.939484	15.950 -1.542 -0.395
ent_jm_carepackage_spawn	-686.479126 513.889587 270.593628	15.816 -1.544 -0.347
ent_jm_carepackage_spawn	-796.364624 506.628296 302.210938	15.878 -1.543 -0.369
ent_jm_carepackage_spawn	-920.870972 483.057465 312.427826	-0.007 0.017 -0.009
ent_jm_carepackage_spawn	-860.369263 543.579590 312.394745	0.004 0.000 0.002
ent_jm_carepackage_spawn	-1085.154297 416.604095 312.329254	0.002 0.000 -0.002
ent_jm_carepackage_spawn	-471.503662 -59.687023 312.331909	-0.024 -0.010 0.022
ent_jm_carepackage_spawn	-720.039917 54.092194 568.389832	0.003 0.000 0.001
ent_jm_carepackage_spawn	-583.959473 274.544434 568.388123	0.003 0.000 0.001
ent_jm_carepackage_spawn	-427.542633 -1673.264771 568.339233	0.002 0.000 -0.001
ent_jm_carepackage_spawn	-568.465454 -830.493225 576.357971	0.001 0.000 -0.000
ent_jm_carepackage_spawn	-588.853088 -688.437134 576.357971	0.001 0.000 -0.000
ent_jm_carepackage_spawn	-486.775116 941.043945 105.183388	-0.192 0.549 -0.087
ent_jm_carepackage_spawn	-668.913269 602.179871 100.325890	-0.052 0.563 0.242
ent_jm_carepackage_spawn	-784.263977 313.342010 102.033905	-0.052 -0.064 -0.113
ent_jm_carepackage_spawn	-480.488373 75.007133 128.339249	0.002 0.000 -0.001
ent_jm_carepackage_spawn	-552.800781 67.734428 128.405106	-0.015 -0.010 0.012
ent_jm_carepackage_spawn	-540.573547 436.417877 102.996262	0.019 3.744 -1.200
ent_jm_carepackage_spawn	-513.166138 1318.427490 312.329254	0.002 0.000 -0.002
ent_jm_carepackage_spawn	-903.347290 361.912231 568.373718	0.002 0.000 -0.000
ent_jm_carepackage_spawn	1557.617310 774.837585 576.367493	0.008 0.009 -0.002
ent_jm_carepackage_spawn	-1426.714111 -1731.778198 568.408325	0.007 0.000 0.005
ent_jm_carepackage_spawn	-1345.411011 -1709.516846 568.399536	0.004 0.000 0.003
ent_jm_carepackage_spawn	-1344.860474 -1581.978516 537.174744	-1.594 -4.076 -20.773
ent_jm_carepackage_spawn	-1350.101685 -1472.206543 495.239014	-1.603 -4.072 -20.753
ent_jm_carepackage_spawn	-1325.213867 -1338.718018 444.252533	-1.604 -4.071 -20.750
ent_jm_carepackage_spawn	-1333.023804 -1152.331665 373.054016	-1.616 -4.075 -20.728
ent_jm_carepackage_spawn	-1357.641357 -948.996338 295.405945	-1.598 -4.072 -20.762
ent_jm_carepackage_spawn	-1366.989624 -725.141113 209.854828	-1.571 -3.963 -20.620
ent_jm_carepackage_spawn	-1356.705566 -338.608490 128.359680	0.002 0.000 -0.001
ent_jm_carepackage_spawn	-1058.269165 -261.236206 128.377533	0.002 0.000 -0.000
ent_jm_carepackage_spawn	367.024200 565.950439 132.591660	-6.005 0.731 -0.436
ent_jm_carepackage_spawn	-384.000488 1268.399170 106.987465	0.154 0.498 0.251
ent_jm_carepackage_spawn	-514.037903 1396.320557 100.913795	-0.283 0.453 -0.331
ent_jm_carepackage_spawn	-628.279114 1285.902832 100.011147	-0.252 0.428 -0.055
ent_jm_carepackage_spawn	-497.338196 1112.994629 107.589180	0.158 0.415 0.062
ent_jm_carepackage_spawn	-867.981628 49.070278 568.399414	0.004 0.000 0.002
ent_jm_carepackage_spawn	-265.840240 52.688381 568.375610	0.002 0.000 -0.000
ent_jm_carepackage_spawn	-458.831390 99.491905 568.350891	0.002 0.000 -0.001
ent_jm_carepackage_spawn	-607.732971 176.101318 568.365906	0.002 0.000 -0.001
ent_jm_carepackage_spawn	-492.380219 -564.227600 568.350891	0.002 0.000 -0.001
ent_jm_carepackage_spawn	-456.824005 -958.042542 568.363831	0.002 0.000 -0.001
ent_jm_carepackage_spawn	-508.229279 -773.429504 576.355835	0.001 0.000 -0.000
ent_jm_carepackage_spawn	-664.826172 -758.058411 576.443909	0.066 -0.000 0.065
